0 0 1.40949e-06 1.8968e-06 2.30992e-05 1.57758e-05 
1 0 0 0 1.25714e-06 0 
2 0 0 5.76044e-06 0 0 
3 0 0 2.7693e-06 0 0 
4 1.67342e-06 6.50358e-06 8.58756e-07 0 1.61329e-05 
5 1.22275e-06 1.28144e-06 0 0 2.00953e-06 
6 0 0 4.24791e-06 0 4.61157e-06 
7 1.81116e-06 1.47378e-05 0 0 0 
8 0 0 1.42545e-06 0 1.08599e-06 
9 2.06984e-06 1.17172e-06 1.72684e-06 0 1.61667e-06 
10 2.51088e-06 2.60952e-06 9.21074e-06 2.54851e-06 1.72027e-06 
11 2.22975e-06 1.93793e-06 1.95291e-05 0 0 
12 0 3.72914e-06 0 0 1.11169e-06 
13 3.86655e-06 9.80903e-07 1.11875e-06 5.80839e-06 7.35877e-07 
14 2.07039e-06 0 4.57584e-06 0 7.36562e-06 
15 2.61366e-05 1.96489e-06 1.40368e-06 5.88885e-06 4.79056e-06 
16 1.0389e-06 4.14151e-06 2.09721e-06 3.18999e-06 2.10037e-06 
17 0 0 0 1.48852e-06 0 
18 2.69846e-05 5.06089e-05 1.53523e-05 1.77477e-06 1.0015e-05 
19 2.67507e-06 0 0 2.27792e-06 2.96293e-06 
20 4.09221e-06 0 0 1.4261e-06 0 
21 1.85523e-06 3.69616e-06 2.03939e-06 0 2.07482e-06 
22 2.19705e-06 0 0 0 0 
23 1.37969e-06 0 0 9.93242e-06 3.54457e-06 
24 0 0 3.25418e-06 4.00911e-06 1.85448e-06 
25 0 0 0 2.65215e-05 0 
26 6.01435e-06 1.22823e-06 2.04542e-06 0 0 
27 0 2.36774e-06 0 0 1.4572e-06 
28 8.4631e-07 1.28144e-06 1.76315e-06 0 0 
29 1.68745e-06 3.45571e-05 7.6715e-05 0 1.74675e-06 
30 1.52008e-06 0 0 1.82337e-06 0 
31 2.04791e-06 7.22188e-07 1.52996e-06 0 1.1148e-05 
32 0 0 2.20562e-06 0 0 
33 0 7.55996e-05 9.09163e-07 2.73976e-06 1.42818e-06 
34 0 0 0 7.34574e-06 0 
35 0 1.35224e-06 0 5.71195e-06 1.82957e-06 
36 2.13816e-06 0 0 0 1.21211e-06 
37 0 0 1.11601e-06 0 0 
38 4.21018e-06 2.31318e-06 0 0 1.77112e-06 
39 1.16476e-06 0 1.4022e-06 0 0 
40 0 0 4.04295e-06 0 1.36854e-05 
41 0 0 0 0 2.57671e-06 
42 1.83564e-06 6.93866e-05 2.15708e-06 2.38822e-06 1.45448e-05 
43 8.68398e-07 1.20159e-06 7.34693e-06 2.81862e-06 1.18362e-06 
44 0 0 0 0 3.34908e-06 
45 4.00311e-06 3.44588e-05 0 3.11823e-05 4.70002e-06 
46 1.95782e-06 2.06984e-06 0 0 2.45261e-06 
47 2.45066e-06 4.55046e-06 0 0 0 
48 0 1.11721e-06 6.58782e-06 0 0 
49 0 3.11892e-06 7.68834e-06 0.00042838 3.80339e-05 
50 1.74941e-06 0 1.64846e-06 5.78813e-06 0 
51 0 2.0247e-06 1.43459e-06 1.97693e-05 0 
52 9.42926e-06 0 0 1.05803e-06 3.22898e-06 
53 2.54594e-06 1.53422e-06 1.31869e-06 1.48759e-06 0 
54 0 0 2.60365e-06 0 0 
55 0 0 1.32511e-06 0 0 
56 0 1.25396e-06 5.52278e-06 2.07784e-06 0 
57 0 1.9061e-05 1.72967e-06 0 3.50549e-06 
58 0 1.03402e-06 6.0122e-06 3.72218e-06 1.64099e-06 
59 0 0 0 2.20913e-06 1.67311e-06 
60 0 0 2.75258e-06 2.34413e-06 8.45565e-06 
61 0 0 2.25297e-06 0 9.31107e-07 
62 0 0 0 0 2.40308e-06 
63 9.52388e-07 1.3217e-05 1.24255e-06 2.20093e-06 4.50967e-06 
64 1.63074e-06 0 0 0 0 
65 2.4524e-06 0 9.05036e-07 2.37945e-06 1.85833e-06 
66 3.69906e-06 7.31647e-06 1.10551e-06 0 1.1148e-05 

Accuracy: 0.1044776119402985