0 2.12332e-05 7.71361e-07 1.70978e-05 1.17898e-06 4.53556e-06 
1 7.47242e-05 7.02469e-05 1.06433e-06 7.93141e-05 2.99e-06 
2 2.02214e-06 3.1283e-06 1.4715e-06 1.90289e-06 1.79125e-05 
3 8.13423e-06 4.77382e-05 1.42014e-06 0 0.00043503 
4 2.14153e-06 5.36022e-06 2.24832e-05 0 1.45647e-05 
5 7.30881e-06 3.83985e-06 6.10004e-06 2.18163e-06 0 
6 5.03481e-06 2.10222e-05 3.34549e-05 0 2.44779e-06 
7 5.68976e-06 1.42823e-05 0.000240471 0 2.63296e-06 
8 0.000221838 1.1636e-06 4.23728e-06 0 3.05021e-06 
9 2.3669e-06 8.32899e-06 2.82097e-05 5.91025e-06 1.54949e-06 
10 0 0 4.47988e-06 3.40873e-06 1.3833e-06 
11 3.88247e-06 2.22571e-06 0 0 4.70913e-06 
12 1.83428e-06 3.27182e-06 1.16994e-06 0 1.30938e-06 
13 3.16182e-06 1.87446e-06 1.06433e-06 1.71975e-06 3.4468e-07 
14 2.96085e-06 2.12696e-05 3.85144e-05 4.04813e-05 1.34631e-05 
15 4.77382e-05 1.22478e-06 1.55692e-06 2.61435e-06 7.5e-06 
16 0 0.00012782 0 3.56236e-05 3.1283e-06 
17 4.24857e-05 1.62768e-05 9.2151e-07 2.18481e-05 3.34162e-06 
18 2.49189e-05 8.67854e-06 1.9565e-06 8.98438e-06 7.44156e-06 
19 0 3.8497e-06 6.22992e-06 3.79941e-06 0.00306546 
20 2.91681e-06 7.44156e-06 2.02214e-06 8.67854e-06 3.80174e-06 
21 7.65257e-06 1.74506e-06 1.07071e-05 7.99525e-06 1.67745e-06 
22 8.27626e-06 6.50771e-05 3.72152e-06 0 0 
23 6.95012e-06 6.9388e-05 6.07616e-06 9.213e-06 0 
24 2.02299e-05 4.16059e-06 7.34758e-05 1.92533e-05 2.45932e-05 
25 1.3591e-05 2.89288e-05 9.6476e-06 1.05552e-05 0 
26 3.17076e-06 0 2.41768e-06 1.56234e-05 3.45355e-06 
27 0 0 1.73924e-05 0 5.11449e-06 
28 1.14681e-06 1.86836e-05 3.22649e-06 1.98493e-05 8.90374e-06 
29 1.11609e-06 2.12198e-06 7.53339e-06 0 9.58842e-06 
30 3.77928e-05 0.00066947 2.25891e-06 3.10705e-06 0 
31 8.42389e-06 4.5676e-05 1.96554e-06 0 0 
32 6.91265e-05 2.48381e-05 1.5633e-05 2.81557e-06 1.14855e-05 
33 3.31106e-06 0 1.83191e-05 2.65335e-06 6.95767e-05 
34 1.75639e-06 2.31237e-05 1.05552e-05 3.68005e-06 4.63353e-06 
35 1.68754e-05 0 1.28452e-06 8.68065e-05 4.44311e-06 
36 0 4.20369e-06 1.01375e-05 1.23542e-05 2.33753e-05 
37 1.48518e-05 2.52466e-06 0 2.99498e-06 8.64093e-07 
38 0 3.04851e-06 3.9692e-06 1.82114e-05 2.47741e-05 
39 0 0 1.35788e-06 0 0 
40 0 2.05477e-06 2.65195e-05 6.55683e-06 2.76506e-06 
41 1.69122e-06 0.000131977 3.13531e-05 2.0268e-06 1.97056e-06 
42 0 1.79883e-06 1.78861e-05 3.10075e-06 0 
43 1.32338e-06 7.37469e-05 7.3976e-06 1.05802e-05 2.39508e-06 
44 4.90844e-06 9.09521e-06 2.9124e-06 0 9.37306e-05 
45 6.66429e-06 7.41598e-07 5.81273e-06 2.84366e-06 2.03728e-05 
46 1.62078e-06 1.98493e-05 1.96913e-06 9.17182e-07 2.10109e-06 
47 9.0463e-06 5.26791e-06 1.80395e-05 1.64487e-06 1.36753e-06 
48 0 1.32905e-06 8.54454e-06 2.62878e-05 0 
49 1.23071e-06 5.5337e-05 5.17336e-06 8.57681e-06 4.73518e-06 
50 1.61086e-06 2.05902e-06 1.06276e-05 0 4.0457e-06 
51 1.50203e-06 1.80793e-06 1.56517e-05 1.43692e-05 4.7162e-06 
52 4.5183e-06 7.03455e-06 1.69788e-05 0 0.00126148 
53 0 7.72813e-06 6.75434e-06 0 0 
54 1.06276e-05 0.000220806 5.28621e-05 4.77795e-06 1.78296e-06 
55 0 0 1.6738e-06 5.21715e-06 1.5628e-05 
56 2.10424e-06 1.73294e-06 1.82114e-05 0 1.69554e-06 
57 1.78702e-06 1.85907e-06 1.32092e-05 1.62563e-06 2.14293e-06 
58 3.33557e-06 1.70318e-06 0 6.17895e-06 0 
59 4.97387e-06 1.07916e-05 1.5391e-06 1.84762e-06 2.91823e-06 
60 0 5.20913e-06 4.23114e-06 4.59879e-05 7.76198e-06 
61 3.00802e-05 1.86424e-06 1.13719e-06 5.04213e-06 2.83501e-06 
62 0 6.72295e-06 1.23982e-06 3.64293e-06 0 
63 3.36437e-05 2.37424e-05 6.6102e-06 0.000560179 6.75434e-06 
64 1.27087e-06 0.0015438 1.82755e-06 2.44741e-05 1.69482e-06 
65 0 0 3.38307e-06 4.07039e-05 2.27922e-06 
66 1.89428e-06 9.02355e-07 0 0 0 
67 2.46773e-05 2.16074e-06 4.37916e-06 0 1.59451e-06 
68 2.21117e-05 2.17609e-06 0.00024555 2.83225e-06 1.27057e-06 
69 4.91745e-06 4.5772e-06 3.69752e-06 3.65054e-06 9.60942e-07 
70 1.94368e-06 1.10019e-05 1.22295e-06 3.22248e-06 6.28102e-06 
71 1.6885e-05 6.34921e-06 2.55775e-05 3.2866e-05 3.09996e-06 
72 0 0 1.59207e-05 1.69195e-06 2.77887e-06 
73 1.50126e-05 1.19163e-05 1.45263e-06 0.000584653 6.15143e-06 
74 1.62728e-05 1.36887e-06 1.30479e-06 1.65065e-05 2.2903e-05 
75 4.10757e-06 8.50148e-06 4.5772e-06 1.20968e-06 1.5404e-07 
76 0.000225427 2.05477e-06 1.23723e-06 0 1.48955e-05 
77 1.04351e-05 0 5.21715e-06 2.63537e-06 1.38579e-06 
78 2.16661e-05 4.88041e-05 2.31237e-05 0 9.71208e-07 
79 1.09181e-05 8.6342e-06 2.18855e-06 1.88883e-06 1.24142e-05 
80 0 3.94645e-06 0 3.24955e-06 1.8535e-06 
81 1.41674e-05 2.20048e-06 1.22478e-06 0 7.69161e-06 
82 0 0 2.06763e-06 2.59186e-05 1.06612e-06 
83 3.85144e-05 1.03188e-05 1.75218e-06 1.34233e-05 4.10949e-06 
84 2.06938e-05 2.37488e-05 1.54374e-05 3.2819e-06 0 
85 1.62916e-06 0 3.45703e-05 9.20606e-06 0 
86 0 0 4.80192e-06 1.56587e-05 1.38727e-06 
87 0.000232894 2.40054e-06 0 2.62424e-05 7.11728e-06 
88 0 1.18425e-05 0.000324218 0 0 
89 4.62953e-06 1.78969e-06 2.14178e-06 1.83224e-06 0 
90 3.55078e-06 0 1.73114e-06 0 1.67915e-06 
91 3.92368e-06 2.13901e-06 6.71103e-06 1.71705e-05 0.000274021 
92 0 8.20773e-06 0 2.33e-06 1.25265e-06 
93 4.77419e-05 0.000142502 9.66013e-05 1.1913e-06 2.29932e-06 
94 0 0 4.8263e-06 7.46913e-06 3.29671e-06 
95 1.64559e-06 0 2.82891e-06 8.20287e-06 3.23875e-05 
96 2.3984e-06 2.93832e-06 0 7.90104e-06 5.70394e-06 
97 4.0117e-06 2.40051e-06 3.45871e-06 1.86188e-06 2.33183e-06 
98 1.36603e-05 1.78296e-06 0.000225427 1.80395e-05 2.00667e-06 
100 3.69834e-06 4.20647e-05 1.06075e-06 1.15176e-06 3.38139e-05 
101 3.41822e-06 1.73014e-06 0 1.99081e-05 0 
102 0 7.49184e-06 4.30994e-06 7.27359e-06 2.24792e-06 
103 0 7.58e-05 1.79005e-06 3.93593e-06 3.45291e-05 
104 2.40696e-06 1.91104e-05 3.03173e-06 3.33381e-06 1.72852e-05 
105 1.32656e-06 0 4.45143e-06 0 3.05396e-06 
106 1.77765e-05 1.95042e-06 6.94776e-06 4.23728e-06 2.30392e-06 
107 1.40493e-06 5.10595e-08 1.27888e-05 8.01518e-06 2.29742e-05 
108 2.44426e-06 1.6138e-06 4.20369e-06 6.01924e-06 1.2292e-05 
109 1.16957e-05 0.000538555 2.97017e-06 5.41242e-06 2.03067e-06 
110 2.64204e-06 1.13105e-05 3.12519e-07 2.03106e-06 9.5417e-05 
111 0 4.18021e-06 8.70015e-06 8.18739e-06 0.00043503 
112 0 0 1.7905e-06 9.87108e-06 3.28422e-06 
113 0 2.77196e-05 0.000439261 1.0033e-05 2.55775e-05 
114 3.85144e-05 8.90207e-06 0 3.09924e-06 1.65065e-05 
115 8.89012e-06 2.53399e-06 1.71558e-06 3.03173e-06 1.24318e-06 
116 1.81616e-06 2.30862e-06 3.07848e-05 9.8133e-06 2.04003e-05 
117 0 4.037e-06 4.34433e-06 4.80192e-06 2.69097e-06 
118 0 5.15139e-06 2.07694e-06 1.92235e-06 2.61215e-06 
119 9.47959e-06 2.69097e-06 5.5685e-06 3.08284e-05 1.4978e-05 
120 1.82191e-06 3.88439e-06 0 2.19202e-05 2.22364e-05 
121 1.50126e-05 0 1.01809e-05 2.48782e-05 1.62728e-05 
122 4.77382e-05 2.12385e-05 0 0 9.37306e-05 
123 1.41571e-06 1.12658e-06 2.89624e-05 2.33582e-06 7.17279e-05 
124 2.5437e-06 0 3.1797e-05 1.14988e-05 4.39554e-06 
125 1.01315e-06 1.55796e-06 0 2.52246e-06 1.20723e-05 
126 3.86774e-06 9.63572e-06 4.3913e-06 2.16547e-06 1.04911e-06 
127 4.1652e-06 5.16159e-06 4.4508e-05 0 2.10991e-05 
128 3.99283e-06 3.96649e-06 3.15871e-06 6.57899e-06 7.63245e-06 
129 6.00425e-06 3.83348e-06 2.22595e-05 0 2.47988e-06 
130 0 2.51608e-06 1.13971e-06 5.49106e-06 0 
131 0.000293328 6.02447e-05 9.01233e-05 7.00613e-05 5.88138e-06 
132 1.22209e-06 6.94396e-06 5.04213e-06 1.61535e-06 2.19165e-07 
133 6.41161e-05 1.53417e-06 3.85144e-05 2.5322e-06 3.33005e-06 
134 0 2.15387e-06 1.99244e-06 0 5.15681e-06 
135 1.71031e-05 3.59829e-06 8.07256e-07 2.88138e-06 1.50506e-06 
136 6.15332e-05 5.6e-05 2.52087e-06 0 1.87416e-06 
137 3.76663e-05 7.74167e-06 1.6863e-05 1.59886e-06 1.07071e-05 
138 0 1.76925e-06 8.79059e-06 0 2.10233e-06 
139 2.35352e-05 0.00012782 2.40078e-06 2.36184e-06 2.15049e-06 
140 2.12332e-05 1.20753e-05 4.10405e-05 2.45612e-06 0 
141 0 4.77419e-05 0 2.23526e-06 1.23759e-06 
142 1.83005e-05 0 1.08448e-05 8.32909e-07 0 
143 6.36116e-06 1.5681e-06 1.9329e-05 2.05319e-05 3.07961e-06 
144 4.58913e-06 2.02583e-06 2.57214e-06 0 6.75434e-06 
145 0.000410498 5.50629e-06 5.15681e-06 2.37726e-05 2.12989e-06 
146 2.48688e-06 2.18481e-05 0 0 0 
147 1.6138e-06 6.21062e-06 9.72067e-07 2.57915e-06 4.85708e-06 
148 3.75338e-06 3.21298e-06 0 1.01375e-05 2.56337e-05 
149 1.43448e-06 7.7004e-07 8.67464e-06 0 1.91104e-05 
150 1.34233e-05 5.83429e-06 6.31783e-05 6.10052e-06 4.16269e-05 
151 1.35628e-06 1.99173e-06 0 4.30402e-06 0 
152 2.1349e-06 1.99642e-05 3.42489e-06 7.72556e-06 1.7405e-05 
153 0 1.67888e-06 0 3.15871e-06 1.76363e-06 
154 8.25131e-06 8.59481e-06 1.45673e-06 1.39771e-06 1.62688e-06 
155 1.06604e-05 4.91412e-06 4.42838e-05 1.52112e-05 6.75434e-06 
156 2.9883e-06 3.47392e-05 0.000371519 0 5.11843e-06 
157 6.74183e-06 6.57899e-06 5.3684e-06 1.15468e-05 1.39145e-05 
158 1.69195e-06 8.90207e-06 0 2.60388e-06 3.71394e-06 
159 1.78461e-06 0.00066947 1.53417e-06 5.68607e-05 0 
160 1.67645e-05 0 4.44299e-05 4.50103e-06 7.94263e-06 
161 5.51715e-06 6.06945e-05 3.55013e-06 1.4978e-05 5.82764e-06 
162 2.58679e-06 3.2866e-05 0 5.69249e-06 2.83783e-06 
163 0 1.64805e-05 1.47179e-05 7.35142e-06 0 
164 2.12948e-06 1.61216e-06 1.71804e-06 0 3.06511e-06 
165 1.29384e-05 0 0 4.55329e-06 1.10545e-05 
166 6.29687e-06 0.000206045 2.63417e-06 8.44654e-08 8.04536e-05 
167 2.83225e-06 6.12143e-06 0 2.31551e-06 3.03926e-06 
168 0.000410498 0 2.37889e-05 1.07434e-05 9.01233e-05 
169 1.96554e-06 5.2582e-05 0 4.42838e-05 1.01498e-06 
170 2.0852e-06 3.04534e-05 0.000156955 2.92964e-06 3.38755e-06 
171 2.95488e-06 3.97313e-06 2.91945e-05 1.63335e-06 4.04813e-05 
172 0.000986348 3.16404e-06 1.06808e-06 1.62728e-05 2.01721e-05 
173 0 1.56938e-06 1.70941e-05 1.28062e-05 2.11058e-06 
174 3.32112e-06 9.91778e-06 0 8.7701e-06 1.4296e-05 
175 3.0654e-05 9.90019e-06 1.30659e-05 1.44025e-05 1.22704e-06 
176 6.75243e-06 0 3.03739e-06 6.61888e-06 1.86754e-06 
177 1.70042e-05 0 3.34162e-06 2.59892e-06 8.36056e-06 
178 1.45263e-06 7.09389e-06 2.05319e-05 0 5.2582e-05 
179 1.01158e-06 2.70778e-05 2.29121e-06 3.22649e-06 7.38173e-06 
180 3.34182e-05 2.34815e-06 2.46182e-06 1.45263e-06 0.000986348 
181 0 1.70504e-06 0 5.57026e-06 1.41023e-06 
182 0 0 1.35025e-06 3.80067e-06 1.88168e-06 
183 2.82202e-05 9.10837e-06 0 1.05543e-05 2.12989e-06 
184 1.51935e-05 1.05552e-05 5.96447e-05 9.90019e-06 8.1935e-06 
185 2.48124e-05 1.22725e-05 3.58804e-06 3.57201e-06 0.000115943 
186 1.00139e-05 0 0 0 2.26799e-06 
187 2.72865e-06 4.6719e-06 0 2.70778e-05 1.0378e-05 
188 1.32092e-05 1.76238e-05 0 1.85907e-06 6.00389e-05 
189 1.49189e-05 0 9.21918e-05 3.39233e-05 2.45932e-05 
190 0 1.5628e-05 2.34057e-05 0 5.68976e-06 
191 1.8443e-06 0 9.60317e-06 2.74006e-06 0.00043503 
192 1.62342e-06 1.43112e-06 1.91956e-06 1.57064e-06 1.76455e-05 
193 4.65456e-06 2.01229e-05 2.53542e-05 0 0 
194 7.93874e-06 2.13843e-06 7.90884e-07 4.3913e-06 4.38936e-06 
195 1.36444e-06 2.27423e-06 0 7.16816e-06 3.17076e-06 
196 4.97636e-06 0 1.74253e-05 2.44986e-05 1.63734e-06 
197 0 1.89168e-06 1.44617e-06 4.25257e-06 0 
198 6.91265e-05 3.14102e-06 1.6863e-05 4.96322e-06 9.04085e-07 
199 1.47078e-06 0 4.08099e-06 3.77307e-06 0 
200 0.000323892 3.07954e-06 6.01121e-06 0 0 
201 7.90884e-07 9.80863e-06 1.87432e-06 7.54113e-06 4.49955e-05 
202 1.18524e-06 2.01629e-05 1.04643e-05 6.47569e-06 8.99842e-05 
203 6.12143e-06 0 1.04351e-05 6.30097e-06 1.61792e-06 
204 4.42838e-05 1.17525e-05 1.389e-06 4.5772e-06 3.59303e-06 
205 6.17583e-06 1.03509e-05 6.33245e-06 1.34535e-06 5.09882e-05 
206 1.24845e-06 1.81013e-05 2.45125e-06 0 1.33302e-06 
207 6.17147e-06 4.77419e-05 2.88661e-06 0 3.36227e-06 
208 2.9615e-06 2.92406e-06 4.00053e-05 5.0507e-06 5.73733e-06 
209 9.03566e-06 2.41031e-05 2.10064e-05 2.37488e-05 2.214e-06 
210 8.50201e-06 7.02559e-06 7.40245e-06 1.58114e-06 4.80192e-06 
211 6.3537e-06 2.65335e-06 8.1141e-05 1.09385e-05 6.55683e-06 
212 1.6138e-06 3.07848e-05 0 0 0 
213 2.92065e-06 6.0899e-06 4.8263e-06 0 1.0799e-06 
214 3.17524e-06 5.31451e-06 1.74576e-05 2.39508e-06 3.45876e-05 
215 1.90289e-06 1.0115e-06 0 1.46373e-06 0 
216 1.06053e-05 4.22161e-05 0.000744016 0 1.38004e-06 
217 0 0 3.19242e-06 0.000309879 3.89365e-06 
218 0.00099967 0.000102146 2.62419e-06 0 0 
219 7.45872e-06 2.0847e-06 4.62953e-06 1.73014e-06 2.41203e-05 
220 1.9329e-05 1.21691e-06 2.10105e-06 8.98902e-06 6.82236e-06 
221 3.65734e-05 1.23831e-06 0 3.42729e-05 0 
222 2.83783e-06 2.02583e-06 4.17076e-05 4.50528e-06 0 
223 0 0 5.53681e-06 0.000635739 3.12591e-06 
224 0 3.61123e-06 1.09385e-05 0 6.30097e-06 
225 8.59481e-06 9.8133e-06 1.89984e-06 1.23166e-06 1.09181e-05 
226 9.55725e-06 0 1.81286e-05 2.01721e-05 0 
227 4.5815e-06 0.000323892 2.19834e-06 2.06904e-06 1.47251e-06 
228 0 0 5.69249e-06 1.0799e-06 8.32899e-06 
229 0 6.14605e-05 0 9.23591e-06 1.86836e-05 
230 0 3.00568e-06 6.91495e-06 0 0 
231 0 1.68376e-06 3.28422e-06 5.52251e-05 0 
232 1.50303e-06 7.64419e-06 1.02587e-05 1.8196e-06 0 
233 4.76455e-06 0 1.41635e-06 0 2.97453e-06 
234 4.13709e-06 3.63739e-06 1.89409e-06 2.81329e-05 6.66825e-06 
235 2.1349e-06 1.22283e-06 9.26531e-07 2.84375e-05 2.20271e-05 
236 3.01253e-06 2.46234e-06 1.10802e-05 5.60405e-06 0 
237 1.21707e-05 5.09556e-06 1.23166e-06 2.71953e-05 1.88311e-05 
238 4.72928e-05 3.73271e-06 0.000143141 1.74743e-05 1.22252e-06 
239 0 8.18104e-07 1.82191e-06 2.31551e-06 3.59842e-06 
240 3.44425e-06 0 0.000295072 0 0 
241 1.5581e-06 3.28669e-06 1.84608e-06 1.70941e-05 0 
242 6.6102e-06 7.5431e-06 5.19284e-06 3.59676e-06 9.87108e-06 
243 0 2.05251e-06 0 2.36931e-05 5.88628e-06 
244 8.679e-07 1.67497e-06 1.71677e-06 4.07587e-05 3.40447e-06 
245 2.0847e-06 1.37055e-06 9.99074e-07 7.90104e-06 3.11509e-05 
246 8.51373e-06 1.75565e-05 1.3e-06 6.10562e-06 1.1833e-05 
247 0 9.4016e-07 0 4.45675e-05 3.79964e-06 
248 2.14601e-06 0 0 6.10004e-06 2.24401e-06 
249 3.72152e-06 0 2.06904e-06 0 0 
250 9.37108e-06 1.59212e-05 2.39508e-06 4.07118e-06 5.49053e-06 
251 2.03701e-05 1.62768e-05 0 7.94263e-06 0 
252 7.44147e-06 0 1.27421e-05 1.05569e-05 2.28734e-06 
253 8.27626e-06 7.88191e-06 1.20308e-06 4.99512e-06 0 
254 5.88628e-06 2.16074e-06 0 1.04351e-05 0 
255 0 1.22469e-06 5.68241e-05 1.38579e-06 7.49184e-06 
256 8.2191e-06 0.000141255 2.38862e-06 1.33404e-06 1.42823e-05 
257 1.5578e-06 0 1.27057e-06 1.22725e-05 1.34289e-06 
258 2.39508e-06 2.67156e-06 9.03271e-06 5.30051e-06 8.25647e-06 
259 7.70129e-05 0 3.30932e-06 1.11264e-06 4.42446e-05 
260 3.21158e-06 1.78861e-05 1.59532e-06 0 4.73518e-06 
261 9.23403e-07 1.59013e-06 0.000152653 6.45845e-06 2.11151e-05 
262 1.70706e-06 6.41161e-05 2.37128e-05 2.03043e-06 2.48782e-05 
263 2.5452e-05 1.63961e-06 1.27942e-06 1.2262e-06 5.4737e-05 
264 4.00628e-06 6.57899e-06 1.0812e-05 2.42098e-05 7.45628e-06 
265 2.75743e-05 0 7.4711e-05 1.51637e-06 1.13957e-05 
266 2.29932e-06 2.9883e-06 4.77382e-05 2.38499e-06 0 
267 3.29874e-06 1.19489e-06 1.97383e-06 8.57593e-06 3.68114e-05 
268 0 6.77224e-06 0 2.82084e-06 0 
269 2.07382e-06 1.33589e-05 1.72534e-06 0.000115821 8.41777e-06 
270 1.46373e-06 2.2446e-06 0 2.65195e-05 3.67321e-06 
271 0 4.4508e-05 1.79418e-05 2.6859e-05 2.21895e-06 
272 0.000167275 2.42036e-06 0.000476043 0 5.11782e-05 
273 3.27617e-06 0 0 1.87362e-06 0.000137348 
274 1.27983e-06 0 5.53045e-06 0 1.72534e-06 
275 3.66464e-06 1.22283e-06 0 1.87726e-06 8.87024e-05 
276 0 8.42794e-06 5.39827e-06 2.81909e-06 3.61101e-06 
277 9.11483e-06 0 3.47477e-06 3.70867e-05 3.23875e-05 
278 3.73141e-06 1.45263e-06 0 0 2.29758e-06 
279 0.000225427 4.6553e-06 0 8.88949e-06 0 
280 1.22047e-06 0 7.62253e-05 2.25855e-06 0 
281 1.06987e-06 1.4744e-05 7.44156e-06 1.05345e-05 2.70778e-05 
282 1.68842e-06 2.22256e-06 2.10217e-06 2.39144e-06 2.29717e-06 
283 8.59481e-06 0 0 8.50201e-06 2.00787e-05 
284 5.69249e-06 5.56057e-06 1.81037e-05 6.35635e-06 0 
285 6.14699e-06 1.08543e-05 1.72449e-06 0 3.1599e-06 
286 1.87558e-06 1.81986e-06 1.34107e-06 4.89118e-06 0 
287 2.17887e-05 9.02355e-07 6.68163e-06 5.29427e-06 9.10837e-06 
288 3.56276e-06 0 6.29603e-06 8.99842e-05 2.40054e-06 
289 7.55351e-06 1.18328e-05 0 0 3.34182e-05 
290 7.13641e-06 4.56273e-06 1.51944e-07 2.20672e-06 4.4508e-05 
291 2.96278e-06 1.30659e-05 0 9.63572e-06 1.16957e-05 
292 7.88191e-06 2.03084e-06 1.19604e-06 2.40078e-06 2.38273e-06 
293 3.59676e-06 9.56362e-07 1.79026e-06 9.64704e-06 4.91052e-05 
294 4.3151e-06 6.61748e-06 0 2.52346e-05 1.57032e-06 
295 6.27595e-06 0 1.21802e-06 9.51372e-07 3.3169e-05 
296 1.92235e-06 0 1.34159e-06 3.28104e-06 9.84692e-06 
297 6.95767e-05 1.38314e-05 1.41303e-05 2.0195e-05 0 
298 4.33295e-06 1.0804e-06 4.5815e-06 0.000117272 1.05004e-06 
299 1.06727e-05 1.76363e-06 1.39753e-05 0 2.41396e-06 
300 5.31451e-06 0 6.85191e-06 1.89984e-06 1.92143e-05 
301 7.9079e-06 4.23499e-05 1.53827e-06 3.02446e-06 1.03188e-05 
302 2.14675e-06 0 4.28534e-06 1.57289e-06 0 
303 2.84869e-06 1.53172e-06 3.95092e-06 0 1.61138e-05 
304 8.2191e-06 1.16e-06 1.56188e-06 1.03467e-05 1.05569e-05 
305 1.4763e-06 4.87894e-06 5.10617e-06 5.57937e-06 0 
306 7.47248e-06 0 4.07288e-06 2.45599e-06 1.10096e-05 
307 2.0705e-05 7.06394e-06 4.28534e-06 3.89365e-06 1.21707e-05 
308 5.34807e-06 1.33569e-06 3.07961e-06 1.61138e-05 1.22115e-05 
309 0 0 2.13321e-06 2.1349e-06 1.59575e-06 
310 2.29627e-06 3.23421e-06 1.38063e-06 3.05396e-06 8.99842e-05 
311 1.3474e-05 1.21766e-06 0 1.2178e-06 1.3631e-05 
312 0 0 1.94758e-06 2.83233e-06 3.67871e-06 
313 5.82529e-06 3.08284e-05 7.75206e-06 7.99525e-06 0 
314 7.72317e-06 0 2.53673e-05 2.12193e-05 4.21022e-06 
315 3.67955e-06 0 0.000225427 0 1.75313e-06 
316 7.28708e-06 1.87416e-06 1.17554e-06 6.10052e-06 5.64392e-06 
317 1.57602e-06 1.65576e-06 5.76099e-06 6.65809e-06 1.89677e-06 
318 1.12974e-05 6.10087e-06 6.17147e-06 7.44156e-06 2.04123e-06 
319 1.916e-06 1.06727e-05 0 3.36781e-05 1.89496e-06 
320 0 1.80732e-05 1.27775e-05 6.00413e-06 9.99712e-07 
321 3.18817e-06 5.0041e-06 0 1.42452e-06 0 
322 1.21681e-06 6.31783e-05 1.46977e-06 0 8.60712e-06 
323 1.38572e-05 1.16467e-06 7.32556e-05 1.71705e-05 3.80174e-06 
324 8.92354e-07 2.13843e-06 1.17339e-06 3.97643e-06 0 
325 1.00806e-05 0 2.11151e-05 0.000510146 3.30614e-06 
326 3.44328e-05 3.93007e-06 3.64488e-06 9.70093e-06 5.0689e-06 
327 0 4.16269e-05 2.49472e-06 4.50392e-06 1.29423e-05 
328 5.23965e-06 0 3.70005e-06 3.35584e-06 0 
329 5.30161e-05 2.4732e-06 0 0.000299737 3.15871e-06 
330 4.29589e-05 5.29427e-06 7.74167e-06 3.74457e-06 3.35625e-05 
331 1.69795e-06 1.38579e-06 2.65577e-05 0 0 
332 3.1978e-06 6.33255e-06 2.1406e-05 9.61898e-05 0 
333 0 3.28104e-06 0 3.45355e-06 2.14178e-06 
334 0 0 0 2.29255e-05 5.46175e-06 
335 2.76619e-06 0.00037677 1.56234e-05 0 0 
336 3.51279e-06 0 0 1.40015e-06 1.66327e-06 
337 0 0 0 1.60448e-06 2.72635e-06 
338 2.56914e-06 4.30097e-05 0 0.000111207 3.67641e-06 
339 1.84794e-06 5.50827e-05 2.52013e-06 0 0 
340 1.52873e-06 0 1.46889e-06 2.95488e-06 0 
341 9.37108e-06 5.83107e-06 1.64328e-05 3.77716e-06 0 
342 1.45577e-06 1.66222e-06 0 0 3.11224e-05 
343 1.47251e-06 4.23114e-06 1.54668e-06 0 6.49896e-06 
344 1.59207e-05 5.50728e-06 0 5.78211e-06 4.63931e-06 
345 0 1.81286e-05 2.18481e-05 2.01387e-06 9.95862e-06 
346 1.60304e-06 0 1.78154e-06 0 0 
347 1.57032e-06 0 2.53149e-06 4.37916e-06 3.54383e-05 
348 1.27952e-06 2.78195e-06 4.1829e-06 0 1.43084e-06 
349 6.94789e-06 0 1.44432e-06 3.21877e-06 4.99512e-06 
350 0 2.82097e-05 1.16175e-05 9.27011e-07 7.28176e-06 
351 8.64662e-06 9.77009e-05 1.82202e-05 0 4.7162e-06 
352 3.02933e-05 0 0 0 0 
353 2.20271e-05 8.00565e-06 4.21022e-06 3.36437e-05 2.50355e-06 
354 3.85156e-06 3.62567e-06 0 1.93827e-06 0 
355 2.34057e-05 4.00053e-05 0 1.54596e-05 2.78519e-05 
356 0 0 6.06945e-05 1.2831e-06 2.72749e-06 
357 8.20287e-06 2.0694e-06 3.11837e-06 2.50451e-06 9.00299e-06 
358 8.28334e-05 0 3.31551e-06 1.35913e-06 2.78974e-06 
359 1.3567e-06 3.9569e-06 0 5.19182e-06 0 
360 1.67971e-05 4.3151e-06 5.46878e-06 7.74167e-06 1.16563e-05 
361 3.07848e-05 2.81175e-05 0 2.18951e-06 4.85743e-05 
362 1.75686e-05 3.64293e-06 2.24979e-06 9.7144e-07 3.69752e-06 
363 1.19683e-05 4.77795e-06 3.5886e-06 3.5694e-05 2.21895e-06 
364 0 6.01924e-06 7.74167e-06 0 6.50638e-06 
365 0 1.75237e-06 2.96351e-06 0.000221838 2.75743e-05 
366 2.9124e-06 0 3.46331e-05 7.37469e-05 4.24324e-06 
367 5.63853e-06 1.60625e-06 1.60734e-06 1.50303e-06 1.34798e-05 
368 0.000188261 1.59654e-06 5.71712e-05 5.84091e-06 3.63495e-06 
369 1.61288e-06 1.99068e-06 2.06747e-05 0 0 
370 7.74226e-06 0 1.33591e-06 1.01995e-06 1.45263e-06 
371 7.5431e-06 0 1.96253e-06 1.98705e-06 1.02475e-05 
372 3.2866e-05 3.50475e-06 8.64332e-06 0.000476043 6.41161e-05 
373 3.20398e-06 2.09451e-06 4.5815e-06 7.30352e-06 1.0378e-05 
374 1.91779e-06 1.41017e-06 8.22753e-06 8.00823e-06 8.06996e-06 
375 6.17147e-06 7.99525e-06 2.24899e-05 1.13116e-05 0 
376 0 3.56577e-06 1.54182e-06 0 7.94101e-05 
377 7.65257e-06 2.9219e-05 4.4508e-05 0 1.44678e-07 
378 2.13757e-06 2.10105e-06 0 5.34086e-06 8.60712e-06 
379 4.25837e-06 2.62878e-05 3.20579e-06 6.01245e-06 1.16109e-05 
380 9.22423e-06 0.000116102 1.01375e-05 4.62953e-06 1.51719e-05 
381 0 3.23654e-06 3.15871e-06 7.44156e-06 2.06821e-06 
382 0 2.0694e-06 8.49182e-06 5.0041e-06 0 
383 1.3137e-05 7.9237e-06 0 1.48378e-05 9.00299e-06 
384 0.000163872 0 3.67271e-06 4.81806e-06 1.15629e-06 
385 6.74128e-06 2.90134e-05 2.7396e-06 5.15458e-06 0 
386 0 1.91244e-06 3.58804e-06 6.06945e-05 7.99525e-06 
387 1.80643e-06 0.000184325 7.7396e-07 1.9956e-06 0 
388 0 0 1.50606e-06 2.19482e-06 2.12132e-06 
389 1.0378e-05 1.65456e-05 0 9.7867e-07 6.10087e-06 
390 1.76455e-05 2.31635e-06 2.51888e-06 1.08872e-06 1.19683e-05 
391 1.26694e-06 9.87993e-06 0 0 2.86393e-06 
392 0 3.45355e-06 2.17906e-06 1.04615e-06 0 
393 1.58379e-06 1.64325e-06 1.33978e-06 1.93827e-06 0 
394 1.12081e-05 5.99248e-05 3.09403e-06 2.16667e-06 1.20968e-06 
395 0 2.70443e-06 0 3.70312e-05 0 
396 2.26198e-06 0 3.04968e-06 0 2.11772e-06 
397 1.65835e-05 5.13049e-06 9.33658e-07 1.65513e-06 7.35373e-06 
398 2.36279e-06 1.27442e-06 0 0 3.07546e-06 
399 0 2.05902e-06 1.78892e-05 0.000106727 6.65682e-06 
400 0 1.71975e-06 1.06218e-06 9.13625e-07 0.000230404 
401 4.77419e-05 9.60877e-06 3.86465e-06 1.62563e-06 1.40352e-06 
402 1.76659e-05 7.71755e-06 2.05416e-06 3.5377e-06 1.23873e-05 
403 4.30097e-05 1.15324e-05 3.91616e-06 1.27789e-06 1.48518e-05 
404 2.66731e-06 1.28634e-06 3.97264e-06 0.000377395 0 
405 0.000560179 1.66472e-06 1.00806e-05 1.62088e-05 1.76327e-06 
406 1.7025e-05 0 1.39066e-05 8.72328e-05 9.3212e-06 
407 2.13843e-06 7.7934e-07 2.12332e-05 8.5757e-06 9.63572e-06 
408 1.17336e-05 9.4606e-06 2.48782e-05 1.51017e-05 1.8791e-06 
409 6.22992e-06 0 3.59587e-06 1.00806e-05 8.95147e-07 
410 2.00459e-06 1.54212e-06 2.43725e-06 6.30511e-05 0 
411 0.000100542 1.75565e-05 6.28505e-05 8.44654e-08 1.68842e-06 
412 0 3.42489e-06 6.6102e-06 0.000295072 8.28502e-06 
413 1.70648e-06 2.57915e-06 1.35581e-05 1.4978e-05 5.46878e-06 
414 0 2.21895e-06 1.47484e-05 1.4715e-06 0 
415 1.23038e-05 0 2.78519e-05 2.63787e-05 2.0116e-06 
416 2.24295e-06 1.06507e-05 2.44414e-06 1.92717e-06 5.51833e-06 
417 5.21245e-06 0.000226564 3.06535e-06 1.30195e-06 3.28211e-06 
418 1.25018e-06 3.00589e-05 2.04208e-06 0 6.02753e-06 
419 5.46878e-06 0.000309879 1.45451e-06 1.49722e-06 2.65006e-05 
420 1.30356e-06 9.72018e-07 5.3017e-06 3.06511e-06 2.99086e-06 
421 3.96057e-05 0.000220806 0 1.00484e-05 1.06276e-05 
422 2.12696e-05 6.00425e-06 0 1.48553e-05 6.86124e-06 
423 0 4.037e-06 3.5886e-06 1.47926e-06 1.36089e-06 
424 0 0 0 1.89787e-06 0 
425 6.49669e-06 1.61419e-06 8.19267e-07 1.47421e-05 1.04324e-06 
426 3.68005e-06 2.13049e-07 3.29874e-06 3.28669e-06 1.05552e-05 
427 1.31331e-05 8.59481e-06 2.72533e-06 1.89468e-05 0 
428 6.39266e-06 5.1603e-05 1.55877e-06 0.000130973 0.000132647 
429 2.60027e-06 2.31914e-06 0 0 0 
430 0 1.80236e-06 1.49838e-05 0 4.68168e-06 
431 1.67971e-06 3.11983e-06 1.51017e-05 3.08483e-05 1.97383e-06 
432 4.13851e-06 0.000145174 2.90299e-06 9.73261e-06 1.85642e-06 
433 0 1.85762e-06 1.19163e-05 4.45325e-06 1.75411e-06 
434 7.37469e-05 2.23442e-05 0 1.0078e-06 1.39771e-06 
435 0 0 0 2.06821e-06 7.72096e-06 
436 0 2.4903e-06 7.54593e-06 1.07605e-05 0 
437 5.28621e-05 1.63857e-05 0.000225427 3.06511e-06 1.13066e-06 
438 1.30755e-06 0 2.03084e-06 2.58679e-06 2.35352e-05 
439 2.19342e-06 0 2.14676e-06 0 0 
440 0.000113379 2.33753e-05 4.79696e-06 2.73634e-06 0 
441 1.37382e-06 8.85331e-06 1.05543e-05 1.99076e-06 2.664e-05 
442 3.00496e-05 5.19118e-06 2.21885e-06 2.41907e-06 6.44545e-06 
443 7.58e-05 2.65195e-05 1.71807e-06 2.40227e-05 0 
444 1.86514e-06 0 9.50479e-06 0 2.59342e-06 
445 4.80192e-06 0 0.000234526 6.06945e-05 0.000116725 
446 0 2.56175e-06 1.18391e-06 0 7.9237e-06 
447 9.63572e-06 1.43066e-06 9.6476e-06 1.23062e-06 5.11115e-06 
448 0 0 2.5322e-06 1.59212e-05 2.0083e-05 
449 3.6689e-06 1.64125e-06 4.65353e-06 1.15658e-05 0 
450 2.56858e-06 2.5437e-06 5.34086e-06 3.25786e-07 0 
451 2.24401e-06 0.000121802 1.17173e-06 0 7.71731e-05 
452 0.000112874 2.01721e-05 0 3.50475e-06 7.65677e-06 
453 1.1913e-06 4.48235e-05 4.037e-06 4.06442e-06 0 
454 1.87432e-06 5.43443e-06 4.3913e-06 1.14427e-05 2.48556e-05 
455 1.94672e-06 2.7255e-06 9.31763e-07 0.000490527 1.92235e-06 
456 3.74181e-06 2.48688e-06 1.49609e-06 2.16975e-06 1.66903e-06 
457 8.04536e-05 5.70394e-06 2.20222e-05 2.10345e-06 3.97643e-06 
458 3.15505e-06 1.15747e-06 7.45628e-06 1.14254e-05 0 
459 7.58603e-06 0 1.08208e-05 3.03132e-05 9.91778e-06 
460 1.40959e-06 3.46155e-05 1.31231e-06 2.64827e-06 0 
461 1.76327e-06 0 1.91956e-06 2.28362e-05 1.93914e-06 
462 5.51833e-06 0 3.72731e-06 4.42838e-05 2.3984e-06 
463 1.75809e-06 3.29872e-06 0 1.8643e-06 1.0804e-06 
464 8.9488e-06 3.38139e-05 0.000371519 1.42823e-05 1.8331e-06 
465 1.23038e-05 2.64462e-06 8.81014e-05 7.44313e-06 0 
466 2.84366e-06 4.1793e-06 2.1612e-06 1.30659e-05 3.08483e-05 
467 0 1.09192e-05 1.88659e-06 8.06033e-06 4.24324e-06 
468 2.46773e-05 5.6789e-06 0 3.10495e-06 1.97691e-06 
469 1.05702e-06 1.79845e-05 3.48113e-06 3.55784e-05 2.06938e-05 
470 1.45647e-05 1.80992e-05 1.2292e-05 0 7.07442e-06 
471 9.25442e-06 1.10019e-05 6.58574e-06 2.81329e-05 1.48909e-05 
472 0 1.31218e-05 0 1.44837e-05 1.19361e-05 
473 1.5581e-06 7.0698e-06 2.18825e-06 3.34162e-06 7.36376e-06 
474 0 1.65111e-05 3.84121e-06 0.000598468 1.42355e-06 
475 0 6.09608e-06 2.30181e-06 0.000579503 1.59676e-06 
476 1.57041e-06 1.55877e-06 5.68162e-06 1.23422e-05 6.39266e-06 
477 2.95029e-07 1.34798e-05 3.51367e-05 1.47863e-05 5.70394e-06 
478 4.58857e-05 0 1.63441e-05 5.60753e-06 0 
479 5.59718e-06 1.09192e-05 1.22444e-06 5.53045e-06 1.64424e-06 
480 1.22283e-06 6.20468e-06 6.43355e-06 6.93716e-06 3.21974e-05 
481 3.08284e-05 5.63398e-06 9.02248e-06 1.27357e-06 2.0705e-05 
482 4.49307e-06 1.68961e-05 0 2.85354e-06 3.15871e-06 
483 1.50418e-05 8.57154e-06 7.56295e-06 2.91823e-06 0.000359535 
484 5.20722e-06 1.5303e-06 0 6.43317e-05 2.06894e-05 
485 0 6.74128e-06 1.42733e-06 0 3.36437e-05 
486 2.46054e-06 0 1.39024e-06 9.57564e-06 2.44195e-06 
487 0 1.02667e-05 8.00565e-06 0 3.1797e-05 
488 0 2.10064e-05 3.2819e-06 6.02447e-05 1.67365e-06 
489 0 2.89624e-05 7.2826e-06 0.000145174 1.08057e-05 
490 0 0 0 1.05802e-05 5.3538e-06 
491 0 9.24139e-06 1.50126e-05 1.43511e-05 7.69161e-06 
492 0 3.29872e-06 2.45441e-06 3.51536e-06 1.50022e-06 
493 1.06627e-06 5.40612e-06 2.9615e-06 1.75041e-06 7.77882e-07 
494 0 2.65195e-05 4.30827e-06 4.27685e-06 3.67955e-06 
495 1.07865e-05 0 1.87531e-06 7.81125e-06 2.81909e-06 
496 5.18936e-06 2.1684e-06 6.84081e-05 3.63495e-06 1.12312e-05 
497 1.97651e-06 0 2.82097e-05 2.1406e-05 0 
498 3.07469e-06 1.66286e-06 1.39316e-05 2.02299e-05 1.68465e-05 
499 0.00043503 0 1.99628e-05 8.43519e-06 3.56236e-05 
500 0 1.1847e-05 2.48782e-05 0 1.91779e-06 
501 2.18825e-06 1.5581e-06 1.79468e-05 1.06768e-05 3.03448e-06 
502 1.15508e-06 2.7045e-06 7.8983e-06 0 1.09192e-05 
503 2.04664e-06 1.02448e-05 5.2582e-05 3.38334e-06 7.1317e-06 
504 1.78263e-06 2.81537e-06 2.42272e-05 1.42666e-06 0 
505 1.38579e-06 3.25006e-06 2.50451e-06 1.54911e-05 2.14929e-06 
506 0.000225427 1.56517e-05 1.76455e-05 2.31635e-06 1.57347e-06 
507 1.48553e-05 7.58603e-06 9.53458e-06 0 2.10424e-06 
508 1.37595e-05 2.0083e-05 3.63495e-06 8.57681e-06 8.08748e-05 
509 0.000309676 5.59718e-06 3.29872e-06 2.65335e-06 1.25218e-06 
510 0 2.95488e-06 3.14043e-06 2.48187e-06 1.83347e-06 
511 3.61255e-06 0 1.56872e-06 2.36137e-05 0.000301793 
512 0 2.00641e-06 4.30827e-06 2.0694e-06 0 
513 7.14808e-06 0 0 1.34482e-06 0 
514 2.81329e-05 2.52367e-06 3.46331e-05 3.08483e-05 5.28397e-06 
515 6.6102e-06 0.000127318 0 5.60806e-06 0.00046288 
516 9.63572e-06 6.66429e-06 3.00802e-05 1.82846e-05 3.11533e-06 
517 2.50996e-06 1.56971e-06 1.60535e-06 8.28334e-05 3.85046e-06 
518 3.16404e-06 2.78599e-06 1.07176e-05 0 0 
519 3.35584e-06 2.21895e-06 2.17892e-05 9.0463e-06 2.0705e-05 
520 1.64595e-06 8.74187e-06 1.59532e-06 8.77395e-07 0 
521 3.38139e-05 5.0507e-06 6.94339e-06 6.78483e-06 2.78519e-05 
522 4.31905e-06 0 1.29928e-06 5.05371e-06 5.80469e-06 
523 4.6719e-06 7.77076e-06 3.03215e-06 2.88661e-06 2.34183e-06 
524 3.5377e-06 0 9.35797e-05 2.21191e-06 0 
525 7.02266e-07 1.28407e-06 2.23366e-05 0 1.28552e-05 
526 1.89468e-05 0 1.07683e-05 7.81503e-06 2.69234e-06 
527 0 0 0 1.47083e-06 0 
528 7.85913e-06 0 5.3538e-06 2.38273e-06 5.93004e-06 
529 0 1.22182e-05 1.00732e-05 4.5183e-06 0 
530 0 2.03043e-06 0 0 2.14198e-06 
531 2.70821e-05 2.40034e-05 0 3.62948e-05 4.39093e-06 
532 4.78708e-06 4.33546e-05 0 1.83245e-06 1.48072e-06 
533 8.99842e-05 3.98786e-06 6.94392e-05 1.91104e-05 9.42608e-07 
534 2.00641e-06 2.0694e-06 6.74183e-06 1.41973e-06 6.41957e-06 
535 4.65353e-06 3.46221e-06 1.01719e-05 1.79468e-05 7.35373e-06 
536 4.51077e-06 0.000230843 1.7792e-06 2.65335e-06 3.74457e-06 
537 1.10612e-05 7.30105e-05 1.40995e-07 1.08607e-06 2.91823e-06 
538 3.41171e-06 1.43975e-05 1.44678e-07 5.28397e-06 5.34086e-06 
539 1.80609e-06 0 3.40447e-06 3.21298e-06 2.667e-06 
540 4.43639e-06 1.32315e-05 5.03481e-06 3.40511e-05 1.55877e-06 
541 4.30571e-06 0 3.52621e-06 0 0 
542 1.1766e-06 1.10019e-05 1.24238e-05 2.32472e-05 1.37501e-05 
543 2.2435e-06 1.03266e-06 1.28171e-06 3.91616e-06 7.06394e-06 
544 1.76455e-05 2.15387e-06 3.46493e-06 3.86774e-06 2.69805e-05 
545 1.68887e-06 1.53516e-06 0 6.02302e-06 2.38897e-05 
546 5.98616e-06 0 6.43907e-05 5.59718e-06 2.14675e-06 
547 1.42666e-06 1.97691e-06 8.41777e-06 0 1.3474e-05 
548 1.48831e-06 1.61792e-06 0 3.83211e-06 1.78296e-06 
549 3.45876e-05 4.99832e-06 4.1652e-06 6.22384e-06 3.32722e-06 
550 0 1.6177e-05 1.11267e-06 0 3.97643e-06 
551 1.89292e-05 2.06894e-05 7.37526e-05 1.30193e-06 3.68005e-06 
552 1.45186e-05 1.97383e-06 2.10958e-06 1.43975e-05 2.60114e-05 
553 2.9182e-06 3.25613e-05 4.78708e-06 2.2303e-06 0 
554 5.5685e-06 2.83918e-06 0 3.35584e-06 5.19182e-06 
555 1.07071e-05 3.71697e-06 3.84121e-06 0.000123985 2.65335e-06 
556 2.52013e-06 3.00147e-06 0 1.06987e-06 0 
557 1.4271e-06 1.64217e-06 8.89348e-07 2.61242e-06 3.79941e-06 
558 0 2.1406e-05 1.31407e-05 1.87432e-06 0 
559 0 2.89413e-06 0.000225427 1.39771e-06 0 
560 0 0 0 0 2.68792e-06 
561 0 3.56577e-06 1.41888e-05 6.58499e-06 1.59676e-06 
562 7.02236e-05 1.44838e-06 9.994e-07 0 2.22387e-06 
563 1.61288e-06 8.75988e-07 0 1.34798e-05 6.24324e-06 
564 1.04323e-06 0 1.06053e-05 5.15139e-06 2.00399e-06 
565 0 7.34764e-06 1.41146e-06 1.24096e-06 0 
566 1.70963e-06 0 0 3.836e-06 0 
567 3.21161e-06 8.53082e-06 0 3.1283e-06 0.000299737 
568 0 0 0 0 2.667e-06 
569 2.76624e-06 3.49836e-06 6.90704e-06 0 1.74823e-06 
570 2.52246e-06 1.65065e-05 3.29003e-06 3.59587e-06 0 
571 2.82838e-05 4.15621e-06 1.39177e-06 0 1.22035e-06 
572 0 2.97453e-06 1.92706e-06 4.55329e-06 0.000323892 
573 1.26533e-06 2.52679e-06 0 3.34549e-05 1.20063e-05 
574 0 0 4.53681e-06 0 5.20722e-06 
575 0.000439624 2.89288e-05 1.77725e-06 3.4468e-07 1.07099e-06 
576 1.36603e-05 1.3474e-05 4.21877e-05 1.18172e-05 1.77368e-06 
577 5.60707e-06 1.34482e-06 0 5.65765e-06 3.98308e-06 
578 2.59892e-06 0 1.93759e-06 0 8.5894e-05 
579 1.96217e-06 1.98209e-06 0 8.22753e-06 8.60712e-06 
580 0 5.88588e-06 7.52219e-06 9.91778e-06 3.25613e-05 
581 2.94434e-06 7.7808e-06 1.41888e-05 7.7396e-07 4.5548e-06 
582 3.10705e-06 0.000233296 0 1.50475e-06 8.07883e-05 
583 1.71031e-05 1.07058e-05 7.11728e-06 0 3.11224e-05 
584 1.94368e-06 2.13751e-06 1.86719e-06 0 4.79686e-06 
585 7.31359e-06 6.55683e-06 5.73841e-06 3.19452e-06 1.79005e-06 
586 5.82764e-06 4.7162e-06 1.34002e-06 9.75229e-07 4.90844e-06 
587 2.00331e-05 1.84199e-06 5.37967e-06 1.16683e-06 9.72471e-06 
588 1.28959e-06 2.95488e-06 0 1.22059e-06 1.1298e-06 
589 1.95851e-06 1.60528e-06 0 2.2446e-06 2.12385e-05 
590 6.01543e-05 0 1.78296e-06 1.65281e-06 2.04794e-06 
591 0 3.11509e-05 1.23575e-05 1.42823e-05 9.54289e-06 
592 2.3086e-05 0 6.33544e-06 1.12041e-06 1.4371e-05 
593 5.68976e-06 5.45505e-06 1.56825e-06 1.42651e-05 4.91195e-06 
594 0 1.75549e-06 0 4.19755e-06 0 
595 1.48553e-05 1.19273e-05 8.27936e-06 7.46172e-07 0 
596 1.68882e-05 8.20287e-06 9.37306e-05 5.73841e-06 2.02159e-06 
597 1.96554e-06 9.70999e-06 0.000131977 4.39554e-06 0 
598 9.90521e-06 1.33589e-05 0 0 0 
599 0 1.60734e-06 0 3.68114e-05 2.61252e-05 
600 4.18575e-05 3.52337e-05 8.80978e-06 4.78202e-05 0 
601 1.03584e-06 7.41921e-06 1.97056e-06 8.72677e-06 0 
602 1.60053e-05 5.69249e-06 0 1.19401e-06 1.11768e-06 
603 0.000598051 1.9565e-06 5.87183e-06 2.30392e-06 6.01924e-06 
604 5.19182e-06 2.13177e-06 3.05021e-06 1.3631e-05 1.46959e-05 
605 1.83905e-06 3.05021e-06 2.03159e-06 3.00802e-05 1.55788e-05 
606 1.75968e-06 4.5815e-06 3.14297e-05 0 1.88311e-05 
607 2.83673e-06 2.39245e-05 2.81637e-06 0 1.48355e-06 
608 1.70248e-06 3.24671e-06 3.58804e-06 1.78296e-06 0 
609 1.00724e-06 3.39372e-06 0 3.58807e-06 5.54762e-06 
610 1.02332e-05 5.10614e-06 3.40447e-06 1.39417e-06 0 
611 1.5633e-05 1.21707e-05 0 5.60405e-06 1.07071e-05 
612 0 2.57462e-06 0 2.62135e-06 1.27942e-06 
613 2.31873e-06 7.52219e-06 2.73324e-06 1.37806e-05 0 
614 1.0799e-06 5.19118e-06 1.42773e-06 8.60712e-06 3.63495e-06 
615 1.54158e-06 1.4715e-06 5.19182e-06 6.41957e-06 6.56273e-06 
616 1.5404e-07 0 4.89522e-06 5.61709e-06 2.48782e-05 
617 2.69742e-06 0 1.38967e-06 1.14785e-06 0 
618 8.32899e-06 0 3.22649e-06 0 0 
619 1.05552e-05 3.33557e-06 1.3591e-05 1.44025e-05 3.23875e-05 
620 2.52346e-05 2.56337e-05 0 0 0 
621 6.24483e-06 9.89596e-06 2.38862e-06 2.41909e-05 9.80127e-07 
622 9.87993e-06 4.50528e-06 0 0 1.93827e-06 
623 2.01802e-06 0 0.000584653 4.21022e-06 8.23335e-06 
624 0.000163194 0 8.67854e-06 2.57552e-06 0 
625 0 2.39331e-06 8.52883e-07 2.83783e-06 0 
626 5.30051e-06 3.89365e-06 2.57915e-06 0.000413613 1.916e-06 
627 1.43692e-05 9.37306e-05 4.7162e-06 9.00299e-06 1.46373e-06 
628 2.91904e-05 3.58222e-05 7.74934e-06 3.21569e-05 2.39042e-06 
629 2.33582e-06 0 0 0 2.09049e-05 
630 1.43975e-05 5.96447e-05 3.30106e-05 0.000223131 1.70978e-05 
631 0 0 1.65307e-06 4.30827e-06 0 
632 1.08718e-06 4.5912e-06 4.25837e-06 2.33582e-06 2.93707e-05 
633 9.21921e-06 9.50479e-06 1.70042e-05 3.27386e-06 0 
634 0 5.23965e-06 4.85847e-06 1.41023e-06 1.94846e-06 
635 3.06535e-06 0 9.75091e-05 1.21177e-06 3.19393e-05 
636 1.38314e-05 4.31665e-05 2.06938e-05 0 1.14855e-05 
637 0 0 0 2.21885e-06 6.94392e-05 
638 2.34676e-06 0 1.21691e-06 2.41907e-06 0.00020997 
639 1.01655e-06 8.07883e-05 6.07616e-06 1.60757e-06 1.46977e-06 
640 8.90374e-06 6.66311e-06 5.89299e-06 2.60916e-06 6.89419e-05 
641 0 5.41043e-06 1.27148e-06 1.04324e-06 3.19586e-05 
642 3.51378e-06 5.6429e-06 2.95029e-07 1.02793e-06 4.0127e-06 
643 0 4.73467e-06 0 2.04945e-06 0 
644 4.21877e-05 0 3.35584e-06 5.25021e-06 5.58364e-06 
645 5.19182e-06 1.61859e-06 2.0961e-05 1.40959e-06 1.23873e-05 
646 0 1.80732e-05 1.02587e-05 0 0 
647 8.20773e-06 4.08651e-06 3.95875e-06 2.13888e-05 1.36707e-06 
648 5.60753e-06 4.3151e-06 1.97904e-05 1.57681e-05 5.68924e-06 
649 1.22444e-06 1.21707e-05 2.40078e-06 1.05802e-05 6.74183e-06 
650 3.11278e-06 4.77382e-05 2.56337e-05 5.63398e-06 6.95767e-05 
651 4.48235e-05 1.68933e-05 4.4508e-05 7.99525e-06 3.45876e-05 
652 2.00359e-06 0 7.58e-05 0 2.1044e-06 
653 9.58005e-06 1.31231e-06 5.60779e-06 1.88883e-06 7.58e-05 
654 0 0 0 9.06328e-07 3.2977e-06 
655 4.85708e-06 2.70222e-06 9.20382e-06 0.000584425 8.18385e-06 
656 7.1404e-06 2.61427e-06 2.31076e-06 0 2.32227e-06 
657 0 0 1.84199e-06 2.5437e-06 1.3087e-06 
658 1.74253e-05 0 4.73544e-06 7.01109e-06 6.859e-06 
659 1.22478e-06 0 6.02302e-06 1.48176e-06 2.33566e-06 
660 4.92945e-05 0 2.07578e-06 2.73324e-06 2.88651e-06 
661 1.19103e-05 1.92335e-06 0 2.41999e-06 0 
662 1.44678e-07 1.66077e-06 1.48831e-06 1.02509e-05 7.94867e-06 
663 1.10038e-06 0 3.84167e-06 3.02933e-05 2.92663e-06 
664 0 4.96322e-06 0 1.44678e-07 1.28547e-06 
665 3.62056e-06 4.11089e-06 1.79022e-06 1.2536e-05 6.30097e-06 
666 1.52221e-05 0 8.16508e-06 5.73841e-06 1.07489e-06 
667 1.63727e-05 1.60367e-06 1.03284e-06 0 1.02641e-06 
668 2.5322e-06 1.09258e-06 4.11415e-08 6.43187e-06 3.14043e-06 
669 2.63103e-06 0 1.30686e-06 2.14676e-06 1.77765e-05 
670 0 3.77928e-05 1.04697e-06 0 1.08543e-05 
671 4.22161e-05 0 3.04851e-06 1.49449e-06 1.34631e-05 
672 1.17752e-06 0 1.36707e-06 2.05477e-06 3.95875e-06 
673 1.28675e-06 0 0 3.79941e-06 1.74628e-06 
674 2.22364e-05 9.75229e-07 1.59886e-06 3.25006e-06 2.05902e-06 
675 9.83988e-05 3.56276e-06 5.83107e-06 2.22666e-06 0 
676 7.89448e-06 0 4.23171e-05 8.20287e-06 2.22595e-05 
677 2.9113e-05 5.56269e-06 1.73495e-06 1.19163e-05 0 
678 4.25837e-06 0.000301793 5.13049e-06 1.55597e-05 9.7144e-07 
679 2.48782e-05 0 9.5763e-05 0 2.24947e-05 
680 3.6939e-05 4.84352e-05 1.2409e-06 0.000108557 0.00031591 
681 1.03002e-06 9.10837e-06 1.01457e-05 3.21569e-05 0 
682 0.000125586 1.05345e-05 0 0 1.1994e-06 
683 2.10109e-06 2.20825e-05 2.3984e-06 4.34668e-06 9.60916e-07 
684 0 3.67271e-06 8.27936e-06 2.23428e-06 5.0664e-06 
685 1.13475e-06 7.548e-06 2.29627e-06 4.28867e-06 4.52408e-06 
686 2.20585e-06 6.2661e-06 1.84095e-06 2.99498e-06 7.41921e-06 
687 3.16182e-06 2.2903e-05 4.24857e-05 1.84228e-06 5.46159e-06 
688 0.000584425 1.85029e-05 1.85958e-05 0.000148707 1.77615e-06 
689 2.51065e-06 4.5772e-06 1.48684e-06 5.2582e-05 8.14121e-06 
690 3.38139e-05 1.96769e-06 2.12801e-06 5.40612e-06 4.79223e-05 
691 0 2.4903e-06 1.19163e-05 3.74842e-06 2.80472e-06 
692 3.14297e-05 0 2.78689e-05 0 9.02355e-07 
693 1.05345e-05 6.32221e-06 0 4.23114e-06 0.00010359 
694 9.53709e-06 0 0 0 3.22413e-06 
695 0 0 3.74842e-06 3.59587e-06 4.73467e-06 
696 1.9673e-06 1.81299e-06 1.24142e-05 5.84042e-06 1.06276e-05 
697 1.51075e-06 2.59638e-06 0 5.10614e-06 6.40247e-06 
698 3.01916e-05 0 5.87183e-06 3.18817e-06 1.12366e-05 
699 0 1.3117e-06 0 0 3.6814e-06 
700 0 7.32556e-05 3.88788e-06 1.80732e-05 5.47118e-06 
701 2.33074e-06 0.000397284 0.00306546 4.77912e-06 5.41838e-05 
702 1.83372e-06 2.67156e-06 1.346e-06 0 9.07199e-06 
703 1.08046e-05 1.46098e-05 0.000301793 6.62416e-05 1.81037e-05 
704 0 0 3.17076e-06 0 2.94614e-06 
705 0.000324218 2.97583e-05 0 1.9759e-05 0 
706 0 1.27421e-05 1.04866e-06 3.17076e-06 4.18092e-06 
707 0 4.30994e-06 2.2446e-06 2.57915e-06 0 
708 1.78892e-05 0 0 1.3296e-06 2.30682e-06 
709 0 0 3.78076e-05 0 0 
710 5.18884e-06 0 2.62356e-05 2.78519e-05 0.000166349 
711 0.000127378 1.37948e-05 2.5437e-06 6.43317e-05 4.50061e-06 
712 0 1.16467e-06 2.38384e-05 3.85046e-06 0 
713 0 3.48206e-06 2.36931e-05 6.95767e-05 9.52491e-06 
714 1.30356e-06 3.00297e-06 0 1.39417e-06 1.2839e-05 
715 5.96447e-05 0 9.7153e-07 0 2.31237e-05 
716 3.11533e-06 1.10187e-05 2.9889e-05 1.07522e-06 5.13281e-06 
717 8.98902e-06 1.43066e-06 0 0 2.17972e-06 
718 1.19489e-06 0 1.48176e-06 2.32718e-06 0 
719 1.50303e-06 0 1.28992e-06 0 3.40873e-06 
720 1.15531e-05 4.23171e-05 1.37719e-06 2.05902e-06 0 
721 0 0 0 0 1.8339e-06 
722 3.06535e-06 1.13116e-05 1.44837e-05 1.91e-06 0 
723 0.000272731 4.11889e-06 9.91778e-06 0 7.69161e-06 
724 3.15564e-06 6.72295e-06 2.37291e-05 1.67512e-06 1.16e-06 
725 6.0899e-06 1.34798e-05 9.11483e-06 4.92945e-05 1.9329e-05 
726 7.59226e-06 3.01916e-05 1.2292e-05 0 2.44426e-06 
727 4.59748e-06 1.87432e-06 1.10045e-06 7.50532e-08 4.11798e-06 
728 7.7149e-05 0 1.13423e-05 7.36646e-06 0 
729 1.4011e-05 0 4.74097e-06 0 1.88519e-06 
730 1.6768e-06 5.1603e-05 0 4.50103e-06 6.64711e-06 
731 1.60729e-05 1.87432e-06 1.74628e-06 1.87461e-06 8.10856e-06 
732 4.4508e-05 0 4.0457e-06 2.18951e-06 3.93593e-06 
733 0 1.67171e-06 0 1.82714e-06 2.47948e-06 
734 9.88263e-06 0 2.50451e-06 0 6.76763e-06 
735 5.80682e-06 0.000121869 3.80174e-06 3.32444e-05 8.98438e-06 
736 3.15871e-06 0 1.49489e-06 2.316e-06 1.5633e-05 
737 1.2292e-05 1.33387e-05 1.63081e-05 0 2.42098e-05 
738 4.62821e-06 9.87165e-06 3.64488e-06 2.03126e-05 3.68005e-06 
739 1.12974e-05 7.69908e-06 4.51077e-06 9.52491e-06 2.16074e-06 
740 1.22115e-05 2.02984e-05 1.36978e-06 1.36757e-05 4.05198e-06 
741 0.000106727 6.95767e-05 1.04324e-06 3.82288e-06 0 
742 1.80547e-06 2.48782e-05 6.35635e-06 1.43511e-05 1.81286e-05 
743 1.0078e-06 4.03818e-08 1.4596e-06 0 1.03226e-05 
744 2.00331e-05 4.0288e-06 3.39436e-05 1.67085e-06 1.7025e-05 
745 0.000220806 5.23965e-06 1.31231e-06 3.47923e-05 1.1251e-06 
746 1.73924e-05 1.97056e-06 0 0 2.1436e-06 
747 4.44101e-06 6.17147e-06 1.37605e-06 5.30161e-05 0 
748 1.32355e-06 1.56981e-06 2.67362e-05 1.40724e-06 0 
749 3.68005e-06 0 0 1.79166e-06 6.66311e-06 
750 2.74349e-06 1.48955e-05 6.30511e-05 0 1.56517e-05 
751 5.11449e-06 1.47421e-05 1.23468e-06 9.213e-06 2.77878e-05 
752 2.0694e-06 1.53946e-06 2.05902e-06 3.25006e-06 4.7162e-06 
753 3.89365e-06 9.57328e-07 1.24142e-05 0 0.000224905 
754 1.91104e-05 5.5337e-05 0 9.95862e-06 1.66165e-06 
755 1.71705e-05 1.10545e-05 2.05639e-05 7.7149e-05 3.51536e-06 
756 1.27833e-06 9.49392e-06 1.13742e-06 1.06414e-05 6.92743e-06 
757 7.86198e-06 0 1.28378e-06 1.40193e-06 2.39331e-06 
758 1.78892e-05 2.74385e-06 5.19182e-06 0 0 
759 0 0 5.92392e-06 2.14153e-06 1.35913e-06 
760 0 5.63903e-06 1.51399e-06 0 3.46716e-06 
761 8.13423e-06 2.89548e-05 1.1698e-06 1.00388e-05 0 
762 0 1.29432e-05 0.000131977 1.49134e-06 1.11267e-06 
763 2.07669e-05 7.18517e-06 3.98696e-06 0 1.36351e-06 
764 2.02583e-06 2.38002e-06 1.61014e-05 1.1847e-05 4.67771e-06 
765 2.97937e-06 1.99829e-06 3.58924e-05 2.76624e-06 1.77785e-05 
766 2.2733e-06 0 5.17297e-05 0 2.13177e-06 
767 9.60965e-06 0 2.01229e-05 8.04536e-05 0.000584653 
768 1.58433e-06 1.81986e-06 8.07883e-05 3.67271e-06 1.81286e-05 
769 3.22463e-06 1.42432e-07 7.11728e-06 1.59532e-06 8.25111e-06 
770 0 1.43692e-05 4.23171e-05 1.61792e-06 0 
771 2.1722e-06 0 1.69211e-06 1.24377e-06 3.55251e-06 
772 0 0 1.67064e-05 1.77725e-06 0 
773 2.81329e-05 3.16613e-06 0 5.161e-06 6.35538e-06 
774 8.88942e-06 0 3.41822e-06 3.10705e-06 0 
775 5.09839e-06 1.33302e-06 8.5894e-05 1.96554e-06 0 
776 0 0 0 4.45427e-06 0 
777 8.14919e-06 4.77795e-06 0.000309879 6.46379e-05 2.13177e-06 
778 1.37456e-06 5.43423e-06 7.56295e-06 2.00459e-06 1.37382e-06 
779 1.23483e-05 1.23098e-06 1.04023e-06 0 8.81303e-05 
780 7.85913e-06 0 0 0 1.44837e-05 
781 0 0 8.94621e-06 1.70985e-07 0 
782 4.80839e-06 1.02667e-05 1.9217e-06 8.22753e-06 1.45798e-05 
783 3.07904e-06 0 7.29235e-06 1.23201e-06 1.39067e-06 
784 6.71212e-06 0.000136738 4.17076e-05 2.58679e-06 3.87876e-06 
785 4.07288e-06 4.57832e-06 0 0 4.50061e-06 
786 2.42272e-05 6.43907e-05 1.21766e-06 1.634e-05 5.23965e-06 
787 1.63561e-06 4.48626e-06 4.18021e-06 1.22068e-06 8.68495e-06 
788 0 1.64132e-06 0 2.56994e-06 1.59676e-06 
789 1.49722e-06 2.33e-06 2.72749e-06 0 9.48309e-06 
790 2.52367e-06 8.20766e-06 9.13757e-05 0 0 
791 0.00017683 1.8135e-05 1.32355e-06 6.02302e-06 2.67362e-05 
792 2.95719e-06 9.86272e-07 0 2.14178e-06 0 
793 1.9329e-05 1.13105e-05 2.5437e-06 3.94783e-06 1.05552e-05 
794 2.06172e-05 1.03167e-05 1.06987e-06 0.000288319 3.29059e-05 
795 1.71705e-05 2.44426e-06 0 0 7.66157e-06 
796 5.75907e-06 0 1.46697e-06 1.41707e-06 3.25613e-05 
797 5.23965e-06 2.21191e-06 2.48454e-06 4.09216e-06 2.2286e-05 
798 1.44478e-06 1.47918e-06 3.67641e-06 0 0 
799 0 3.03173e-06 0 1.08632e-06 0 
800 2.57036e-05 6.66311e-06 1.38102e-05 2.12193e-05 0 
801 4.84352e-05 2.664e-05 1.5585e-05 2.29121e-06 0 
802 6.66311e-06 5.14815e-05 3.38334e-06 1.22059e-06 0.000267081 
803 2.32472e-05 3.10973e-06 3.8206e-06 6.93471e-06 1.87429e-06 
804 2.94089e-05 1.24056e-05 7.7149e-05 3.07546e-06 0 
805 3.30614e-06 1.31125e-05 9.21303e-06 1.63857e-05 1.42982e-05 
806 1.03855e-06 0 1.88802e-05 5.15793e-06 0 
807 1.1673e-05 1.03118e-05 0 0 7.69586e-06 
808 0 0 1.11308e-06 5.89348e-06 0 
809 0 3.24297e-06 2.39042e-06 3.5473e-06 1.33361e-06 
810 2.70778e-05 1.16653e-06 0 3.76939e-06 1.17026e-06 
811 0.000124467 0 0 0 4.47988e-06 
812 2.75135e-06 6.47582e-06 3.01773e-06 1.78255e-05 2.82116e-06 
813 9.84791e-06 4.13298e-06 1.21681e-06 7.63797e-06 8.10856e-06 
814 0 1.78202e-06 0 1.89548e-06 4.78015e-06 
815 7.1317e-06 0 0 1.24769e-06 3.09996e-06 
816 1.58985e-06 4.30571e-06 2.01721e-05 5.21508e-06 4.53653e-06 
817 1.65065e-05 8.78139e-06 2.1021e-05 2.36613e-05 0 
818 0 3.91616e-06 9.69311e-06 1.27803e-05 1.77135e-06 
819 8.64093e-07 3.22075e-06 1.98493e-05 0 1.77432e-06 
820 6.84521e-06 0 2.5452e-05 0 0.000295072 
821 2.83531e-06 5.68976e-06 3.55784e-05 1.35605e-05 0 
822 4.20099e-06 0 0 4.03461e-05 2.06938e-05 
823 4.30994e-06 1.47148e-06 8.28334e-05 6.27437e-06 2.92112e-06 
824 1.05412e-05 1.41536e-06 6.28505e-05 5.56947e-07 0 
825 3.4468e-07 0 0 5.89299e-06 6.75434e-06 
826 1.49189e-05 5.59718e-06 1.12974e-05 9.09521e-06 2.4661e-06 
827 8.18419e-05 0 0 8.22753e-06 2.8736e-06 
828 0.000115943 1.37719e-06 0 5.26428e-05 0 
829 5.6429e-06 3.08483e-05 2.60114e-05 9.47531e-07 2.95758e-05 
830 0 1.65838e-06 1.46697e-06 1.58192e-06 0 
831 1.06604e-05 0 2.7255e-06 1.95672e-06 1.59676e-06 
832 0 6.52611e-06 2.48595e-06 0 1.86157e-06 
833 2.0195e-05 1.46471e-06 1.22444e-06 8.81014e-05 3.58367e-06 
834 1.30723e-05 2.27831e-06 1.02475e-05 2.71203e-06 2.33582e-06 
835 1.13105e-05 4.5548e-06 0 5.25897e-06 2.55666e-06 
836 8.02201e-06 0 1.08718e-06 7.81125e-06 9.213e-06 
837 9.80909e-05 9.65702e-06 0 7.76198e-06 0 
838 1.2097e-06 0 4.65502e-06 5.34086e-06 1.35167e-05 
839 0 9.69535e-06 0 1.32905e-05 4.54359e-06 
840 0 0.000538555 2.45612e-06 2.29742e-05 3.51814e-05 
841 9.47531e-07 2.95758e-05 0 0 5.99248e-05 
842 1.29384e-05 3.34885e-06 4.78856e-05 2.42098e-05 7.11782e-05 
843 1.3591e-05 6.53628e-06 0 3.70005e-06 2.1684e-06 
844 6.0899e-06 1.32656e-06 1.67064e-05 0 0 
845 0.000133818 1.38186e-06 3.80543e-05 1.234e-05 1.66472e-06 
846 3.36437e-05 1.67365e-06 1.69788e-05 7.00613e-05 0 
847 3.32937e-06 1.87834e-06 0 6.95767e-05 4.41738e-06 
848 2.48782e-05 8.00823e-06 2.5322e-06 4.61647e-06 2.0083e-05 
849 2.63667e-06 1.32383e-05 0 3.03308e-06 0 
850 1.12556e-06 0 0 3.78404e-06 0 
851 1.83353e-05 4.16525e-06 0 2.03531e-05 1.00417e-06 
852 4.42494e-06 0 0 2.44108e-05 1.32092e-05 
853 1.1223e-06 3.88555e-06 3.0177e-06 2.20523e-06 0 
854 1.25981e-06 1.88538e-06 8.04536e-05 0 1.04324e-06 
855 0 0 2.16074e-06 0 4.037e-06 
856 3.45593e-06 1.9673e-06 1.21707e-05 4.3151e-06 0.000196556 
857 1.54547e-06 0 1.36089e-06 2.0705e-05 3.54992e-06 
858 1.08299e-06 2.33582e-06 1.0799e-06 0 9.23556e-06 
859 7.69503e-06 0 0 0 1.84809e-06 
860 3.7141e-05 2.41848e-05 0.000439624 2.63746e-05 1.1878e-06 
861 7.9237e-06 0 0 8.59424e-06 5.0041e-06 
862 2.76546e-06 4.50103e-06 0.000127318 3.62948e-05 5.43417e-06 
863 2.58679e-06 0 2.78519e-05 0 1.25204e-05 
864 0 1.78861e-05 2.40739e-06 0 0 
865 3.35088e-06 0.0015438 0 4.91058e-05 0 
866 4.92945e-05 5.85886e-06 0.00012141 1.95575e-05 4.18575e-05 
867 1.69788e-05 0 1.74325e-05 1.58244e-05 4.84496e-06 
868 7.10183e-06 2.14639e-05 2.40836e-05 2.44108e-05 8.6738e-06 
869 4.78984e-06 1.28726e-05 0 1.39664e-06 2.05877e-06 
870 1.05552e-05 4.0127e-06 1.14374e-06 1.7993e-06 2.1406e-05 
871 5.46878e-06 5.16159e-06 1.22312e-06 7.27359e-06 1.55354e-06 
872 5.5337e-05 9.95862e-06 7.74226e-06 0 1.74794e-06 
873 6.31783e-05 2.45599e-06 3.81556e-06 1.37246e-06 1.15038e-06 
874 0 1.07865e-05 4.23499e-05 4.09376e-06 3.33005e-06 
875 8.86777e-05 1.63441e-05 0 1.76659e-05 5.59718e-06 
876 1.00622e-05 8.47267e-06 0 1.52366e-05 0 
877 1.47421e-05 2.11186e-06 0 0.000301793 5.88588e-06 
878 1.04324e-06 0 1.09408e-05 1.37451e-06 6.83433e-06 
879 2.29742e-05 0.000104233 1.24238e-05 1.0714e-06 1.66531e-05 
880 2.06501e-06 7.30105e-05 2.04303e-06 1.66761e-06 0 
881 0 1.35867e-06 0 7.9079e-06 1.85272e-06 
882 0 6.15768e-06 4.77795e-06 3.44333e-06 1.47083e-06 
883 4.06921e-06 2.31635e-06 2.57915e-06 7.2734e-07 7.06394e-06 
884 6.78317e-06 2.02939e-05 2.17792e-05 2.667e-06 0 
885 2.08283e-06 9.56362e-07 7.35142e-06 1.39079e-05 2.82097e-05 
886 2.34602e-06 1.19003e-05 1.67512e-06 3.15564e-06 1.09216e-05 
887 2.7045e-06 7.7149e-05 0 0 3.36437e-05 
888 2.65195e-05 1.46373e-06 4.70958e-06 4.34433e-06 1.20286e-06 
889 3.33557e-06 0 1.30167e-05 1.41141e-06 0 
890 3.10705e-06 0 1.83224e-06 2.44091e-06 2.14808e-05 
891 0 3.79941e-06 7.28708e-06 0 4.53681e-06 
892 2.46182e-06 3.1978e-06 0 1.26065e-10 3.54829e-06 
893 5.89927e-06 1.78202e-06 3.8775e-06 2.67069e-06 2.13318e-06 
894 7.69161e-06 2.02856e-05 4.77419e-05 0 0.00043503 
895 1.27949e-06 1.92592e-05 2.99549e-06 0 2.88661e-06 
896 8.88942e-06 1.22283e-06 2.88621e-06 2.68671e-06 2.39758e-05 
897 3.19001e-06 2.1612e-06 1.02667e-05 6.12256e-06 2.94091e-06 
898 0 0 0 1.80336e-06 2.56914e-06 
899 3.67955e-06 1.22725e-05 1.02861e-06 1.38579e-06 1.66327e-06 
900 0 4.41738e-06 4.24324e-06 3.18667e-06 2.46773e-05 
901 8.89012e-06 2.55775e-05 1.1498e-05 0 2.53153e-06 
902 0 0 1.86177e-06 3.88247e-06 5.64392e-06 
903 1.16109e-05 2.52246e-06 0 0 1.63553e-06 
904 3.51146e-06 0 0 0 0 
905 5.13853e-06 1.37595e-05 5.96916e-06 1.0405e-05 0 
906 1.929e-05 0 2.00459e-06 0 1.05345e-05 
907 2.45627e-05 9.26101e-06 0 3.4349e-06 7.52219e-06 
908 4.66624e-06 1.05614e-05 4.10432e-06 1.82846e-05 9.90019e-06 
909 3.15871e-06 2.91681e-06 0 5.89348e-06 1.20063e-05 
910 0 1.0993e-05 5.04213e-06 1.02793e-06 0 
911 8.14919e-06 0 0.000156485 0 1.60022e-06 
912 5.69249e-06 1.33051e-05 0 2.53399e-06 5.56057e-06 
913 1.20921e-06 1.06433e-06 3.16613e-06 0 9.64704e-06 
914 4.53681e-06 1.22192e-06 1.92496e-06 7.05812e-06 0 
915 7.72317e-06 1.60729e-05 9.35085e-07 0 4.88965e-06 
916 2.39508e-06 6.00765e-06 2.1967e-05 0.000225427 3.44333e-06 
917 1.44796e-06 0 4.22368e-06 7.09232e-06 4.76475e-05 
918 0 2.13888e-05 5.0041e-06 3.61123e-06 3.25006e-06 
919 2.30446e-06 7.53042e-06 8.64093e-07 4.85128e-06 6.43355e-06 
920 0.000100751 2.17887e-05 9.16471e-06 9.05503e-06 3.5473e-06 
921 0 0 1.61374e-06 6.99327e-06 0 
922 3.79964e-06 2.75539e-06 2.24401e-06 8.7895e-06 0 
923 0 5.04919e-06 2.78519e-05 0 1.6995e-06 
924 1.33569e-06 4.53681e-06 3.03132e-05 1.03752e-06 3.67641e-06 
925 2.82084e-06 9.04085e-07 5.60405e-06 1.13116e-05 5.92223e-06 
926 0 0 1.90227e-06 0 3.01773e-06 
927 1.19683e-05 4.6719e-06 2.3878e-05 0.000413613 9.57381e-06 
928 2.0918e-06 1.48955e-05 4.81528e-06 0 2.42957e-05 
929 1.46382e-06 0 9.47156e-06 3.01273e-06 5.23965e-06 
930 1.03846e-05 8.64257e-06 8.99789e-07 9.91157e-06 1.85642e-06 
931 1.48401e-06 7.69161e-06 0 1.39605e-06 3.45291e-05 
932 1.13163e-05 3.71394e-06 9.42608e-07 1.09408e-05 1.10096e-05 
933 0 3.58222e-05 3.58804e-06 7.74934e-06 0 
934 1.92335e-06 5.75579e-06 3.47887e-06 5.90399e-06 1.29109e-06 
935 1.26154e-06 2.73324e-06 1.27803e-05 0 2.99076e-06 
936 0 1.19595e-05 0 0 3.56944e-06 
937 2.88661e-06 3.14435e-05 1.23648e-06 9.43973e-06 0 
938 3.1797e-05 1.40558e-06 1.13971e-05 1.03485e-05 2.13049e-07 
939 0 0.000225427 2.11415e-06 1.19683e-05 0 
940 0 1.04624e-06 0 0 1.75466e-06 
941 0 2.12677e-05 5.84091e-06 0.000439261 2.27922e-06 
942 2.84019e-06 1.76363e-06 1.60979e-06 0 1.44432e-06 
943 7.52784e-05 1.77785e-05 1.60553e-06 0 2.24036e-06 
944 4.89132e-06 7.90104e-06 1.92235e-06 3.68005e-06 9.71272e-06 
945 4.6041e-06 0 2.41031e-05 2.04245e-06 1.45583e-05 
946 1.04351e-05 2.17609e-06 1.55354e-06 3.51279e-06 2.2286e-05 
947 0 0.000274021 2.91681e-06 3.76509e-06 2.8736e-06 
948 1.07793e-05 5.26263e-06 0 7.01109e-06 2.22855e-06 
949 0 1.27971e-06 3.1797e-05 0.000100119 1.68218e-05 
950 0 8.79059e-06 0 9.00777e-07 0 
951 1.69909e-06 4.31905e-06 0 0 0 
952 1.83005e-05 4.20373e-06 1.99829e-06 3.02388e-05 8.32504e-06 
953 6.66311e-06 1.03752e-06 1.30659e-05 4.73467e-06 1.88645e-06 
954 7.40392e-06 3.23421e-06 2.71272e-06 1.60734e-06 0 
955 1.24837e-06 0 3.73142e-06 2.84375e-05 4.90827e-06 
956 0 8.13423e-06 7.56771e-06 7.69161e-06 0 
957 1.46959e-05 2.03899e-06 2.0694e-06 2.70222e-06 0 
958 3.9692e-06 0 1.36545e-06 3.71221e-06 0 
959 5.83107e-06 4.20369e-06 7.77076e-06 1.25218e-06 6.68163e-06 
960 3.04282e-06 4.28217e-05 6.13237e-06 2.22706e-05 1.3591e-05 
961 0 7.38253e-06 9.23556e-06 1.96554e-06 0 
962 0 1.25223e-05 2.52725e-06 0 2.74684e-06 
963 1.69632e-06 2.69157e-05 7.58603e-06 0 4.0158e-06 
964 0 1.19489e-06 3.35557e-06 3.34883e-06 3.76939e-06 
965 0 3.68005e-06 0 9.05069e-06 8.60712e-06 
966 1.42666e-06 1.24143e-06 0 4.90844e-06 7.99525e-06 
967 1.90659e-06 1.0378e-05 3.36437e-05 2.72467e-06 2.76278e-06 
968 9.47531e-07 3.69197e-06 2.12043e-05 1.67679e-06 1.33443e-06 
969 1.53539e-06 4.26655e-05 0 1.38579e-06 2.33862e-05 
970 4.26056e-06 3.85046e-06 5.87183e-06 7.82842e-06 2.44426e-06 
971 2.31543e-06 9.24139e-06 4.77912e-06 1.20921e-06 0 
972 0 2.37424e-05 9.10837e-06 0 0 
973 4.77419e-05 2.39042e-06 1.18733e-05 1.20398e-05 0 
974 5.91025e-06 0.000413613 1.02377e-05 1.74823e-06 2.36184e-06 
975 3.01406e-06 0 8.64257e-06 0 1.27421e-05 
976 8.36027e-06 2.82258e-06 0 4.32475e-06 1.12702e-05 
977 4.31185e-06 1.12895e-06 3.75163e-06 7.9049e-06 3.36333e-05 
978 1.74628e-06 7.80074e-06 1.80822e-05 3.33474e-05 2.41418e-05 
979 0 5.79451e-06 9.52491e-06 0 4.30827e-06 
980 9.90034e-06 5.46878e-06 3.95875e-06 1.92592e-05 1.63132e-06 
981 0 2.9124e-06 2.00459e-06 0 0 
982 2.05854e-05 2.20271e-05 2.52367e-06 5.7205e-06 1.94368e-06 
983 7.85913e-06 0 2.21895e-06 2.46773e-05 0 
984 6.31783e-05 3.98308e-06 3.29169e-06 7.94101e-05 9.55725e-06 
985 1.64515e-06 1.64351e-06 1.71071e-06 1.28174e-06 1.71196e-06 
986 6.10562e-06 1.20446e-05 0 1.53316e-06 1.16924e-05 
987 2.81637e-06 1.03846e-05 3.19204e-05 2.31076e-06 4.13089e-06 
988 1.10114e-06 1.02509e-05 0.000123985 4.09216e-06 5.07679e-06 
989 9.03566e-06 2.0067e-05 0 2.32003e-06 2.52013e-06 
990 6.33918e-06 3.71221e-06 8.7895e-06 2.59638e-06 5.50292e-06 
991 2.3391e-05 4.16902e-05 1.22379e-06 2.25731e-06 6.39266e-06 
992 1.78202e-06 3.8497e-06 7.5605e-06 1.09408e-05 3.17076e-06 
993 2.05639e-05 1.80507e-06 4.48107e-06 1.27173e-05 0.00031591 
994 1.16957e-05 1.44483e-06 0 4.95031e-05 2.46773e-05 
995 6.42925e-06 9.53458e-06 1.66185e-06 0 6.86124e-06 
996 8.60712e-06 6.84521e-06 0 0 0 
997 2.83673e-06 3.14297e-05 0 8.28334e-05 3.99865e-05 
998 1.75076e-06 5.01932e-06 5.24682e-06 9.0704e-07 1.55951e-06 
999 6.16516e-05 2.06917e-06 0 8.15187e-07 0 
1000 4.91058e-05 0 0.000476043 2.99e-06 1.28992e-06 
1001 1.06053e-05 4.206e-06 2.67278e-06 0 3.43225e-06 
1002 0.000347413 0.000272731 1.4403e-05 2.01653e-06 5.30161e-05 
1003 7.14698e-06 5.77527e-06 2.16074e-06 0 1.45451e-06 
1004 0.000346591 1.88023e-06 1.02377e-05 0 1.53999e-06 
1005 2.99e-06 1.42477e-06 5.48855e-06 1.53245e-06 0 
1006 1.38993e-06 1.1698e-05 2.14534e-06 8.20287e-06 2.65195e-05 
1007 7.41921e-06 2.22595e-05 0.000116725 9.90019e-06 2.45125e-06 
1008 3.36437e-05 3.67554e-05 0 0.000584425 0 
1009 3.77716e-06 0.000309676 7.37469e-05 0 2.96522e-06 
1010 1.45497e-06 5.47118e-06 1.97374e-05 8.94621e-06 1.88519e-06 
1011 0 0 0 0 8.72328e-05 
1012 1.43833e-06 8.42119e-05 2.48688e-06 5.84438e-06 0 
1013 4.68168e-06 0.000651623 2.44813e-06 0.000318448 2.24979e-06 
1014 1.56396e-05 1.43375e-06 1.63857e-05 8.08267e-07 1.58002e-06 
1015 2.51772e-06 7.18956e-06 3.64293e-06 1.91637e-06 1.60844e-05 
1016 9.15053e-05 1.99913e-06 2.96816e-06 4.23372e-06 0 
1017 0 0 0 8.50201e-06 7.37469e-05 
1018 1.11684e-05 0 7.31359e-06 1.69482e-06 6.57899e-06 
1019 3.59587e-06 1.91908e-06 2.99498e-06 0 8.10856e-06 
1020 5.3017e-06 1.74325e-05 1.34657e-06 0 3.09023e-06 
1021 1.0063e-05 2.65725e-05 0 3.05021e-06 2.59185e-06 
1022 0 2.29932e-06 8.70015e-06 1.18733e-05 0 
1023 5.30051e-06 1.00484e-05 2.40227e-05 3.28635e-06 2.4635e-06 
1024 0.00024555 0.000137348 6.10087e-06 0.000115821 0 
1025 7.54137e-06 0 5.2582e-05 2.56914e-06 0 
1026 0.00015519 9.57965e-07 0.00026968 5.40123e-06 1.09951e-06 
1027 1.91598e-06 1.34801e-06 9.52491e-06 0 5.79451e-06 
1028 1.81266e-06 1.767e-06 0 8.8989e-06 4.77382e-05 
1029 0 0 0 4.53681e-06 0 
1030 9.23591e-06 9.94635e-07 7.30881e-06 8.5894e-05 1.50475e-06 
1031 2.73324e-06 3.03132e-05 3.06145e-05 0.00012141 2.61113e-05 
1032 2.29986e-06 0 0 0 0 
1033 1.91104e-05 1.56744e-06 6.84521e-06 1.81986e-06 1.66761e-06 
1034 9.00878e-06 1.94043e-06 0 0 1.70999e-06 
1035 4.01878e-05 1.69518e-05 9.55725e-06 1.1844e-05 7.76198e-06 
1036 0 2.65335e-06 7.74167e-06 1.66327e-06 1.67745e-06 
1037 4.57179e-05 1.29142e-06 3.35308e-06 1.59575e-06 3.23875e-05 
1038 3.36781e-05 3.2688e-06 9.13085e-07 5.09556e-06 1.88311e-05 
1039 2.40227e-05 5.82764e-06 8.16768e-06 1.03494e-06 7.49184e-06 

Accuracy: 0.24903846153846154