1 2.331199e-05 1.052421e-06 1.852665e-05 1.501269e-06 6.64948e-06 
2 8.463473e-05 0.0002410599 1.350885e-06 0.0001634631 3.817754e-06 
3 5.10771e-06 5.09052e-06 1.992027e-06 2.681021e-06 3.81131e-05 
4 2.481553e-05 8.2604e-05 5.29434e-06 0.0 0.000816383 
5 2.482336e-06 9.64149e-06 3.48392e-05 0.0 3.41712e-05 
6 1.129603e-05 7.5296e-06 1.587063e-05 2.957769e-06 0.0 
7 8.57676e-06 5.07798e-05 8.16669e-05 0.0 8.33215e-06 
8 1.283951e-05 2.085336e-05 0.000684108 0.0 3.481507e-06 
9 0.00023088862 2.21673e-06 6.98842e-06 0.0 4.61656e-06 
10 6.71052e-06 1.005524e-05 5.50574e-05 9.96297e-06 3.30151e-06 
11 0.0 0.0 5.73764e-06 3.682266e-06 4.50223e-06 
12 5.184e-06 2.511026e-06 0.0 0.0 6.76003e-06 
13 2.074916e-06 4.066627e-06 1.605222e-06 0.0 1.848976e-06 
14 6.15722e-06 2.624066e-06 1.350885e-06 3.62372e-06 4.0481e-06 
15 6.60815e-06 3.16215e-05 6.17588e-05 0.0001108971 1.859007e-05 
16 8.2604e-05 1.600965e-06 2.025966e-06 5.47131e-06 1.535239e-05 
17 0.0 0.000563351 0.0 8.16711e-05 5.09052e-06 
18 8.36609e-05 1.954617e-05 1.305161e-06 2.607507e-05 6.95855e-06 
19 6.90481e-05 1.242165e-05 4.13642e-06 1.149192e-05 9.59676e-06 
20 0.0 5.21386e-06 9.83192e-06 8.98938e-06 0.003471444 
21 6.97993e-06 9.59676e-06 5.10771e-06 1.242165e-05 7.30926e-06 
22 2.064107e-05 2.192425e-06 1.221069e-05 4.036565e-05 2.149097e-06 
23 1.217193e-05 0.0001762931 1.207889e-05 0.0 0.0 
24 9.91523e-06 0.000774042 6.193781e-06 1.626043e-05 0.0 
25 4.21176e-05 2.548679e-05 0.0001237301 7.10086e-05 5.07135e-05 
26 1.59202e-05 3.024289e-05 1.075158e-05 2.72563e-05 0.0 
27 4.63603e-06 0.0 3.98217e-06 4.56575e-05 1.006436e-05 
28 0.0 0.0 2.01974e-05 0.0 7.79413e-06 
29 1.290085e-06 9.35352e-05 8.15997e-06 2.596852e-05 1.138881e-05 
30 3.00487e-06 4.64812e-06 1.12614e-05 0.0 1.170362e-05 
31 4.085699e-05 0.000843688 3.194498e-06 4.79525e-06 0.0 
32 2.037019e-05 7.9863e-05 3.81112e-06 0.0 0.0 
33 0.0001681147 7.54972e-05 2.456871e-05 3.91228e-06 3.1327e-05 
34 4.64654e-06 0.0 2.082772e-05 3.326826e-06 9.52318e-05 
35 2.44828e-06 5.81625e-05 2.72563e-05 4.03344e-06 6.06087e-06 
36 2.99798e-05 0.0 1.438032e-06 0.0001742273 5.76736e-06 
37 0.0 1.483329e-05 2.8146e-05 1.863262e-05 2.999357e-05 
38 5.26839e-05 3.261591e-06 0.0 3.879584e-06 1.063023e-06 
39 0.0 9.52388e-06 8.77904e-06 1.894065e-05 4.41421e-05 
40 0.0 0.0 2.87678e-06 0.0 0.0 
41 0.0 2.749693e-06 4.38849e-05 1.539204e-05 3.068145e-06 
42 3.1882e-06 0.00013557778 0.0001568571 5.31712e-06 4.47903e-06 
43 0.0 2.480796e-06 4.53457e-05 7.32588e-06 0.0 
44 1.73814e-06 0.0001061865 1.257756e-05 2.05845e-05 3.293268e-06 
45 1.339703e-05 1.082409e-05 3.96017e-06 0.0 9.799172e-05 
46 5.498439e-05 2.321798e-06 1.163771e-05 3.059536e-06 3.29822e-05 
47 1.996669e-06 2.596852e-05 2.648708e-06 2.262752e-06 5.13084e-06 
48 1.566832e-05 9.43692e-06 3.23871e-05 3.6476e-06 1.912442e-06 
49 0.0 2.6217e-06 1.28518e-05 2.874828e-05 0.0 
50 1.544842e-06 6.83128e-05 1.103121e-05 1.253936e-05 5.54234e-06 
51 2.140097e-06 2.569726e-06 1.449467e-05 0.0 6.64251e-06 
52 2.145025e-06 2.550185e-06 2.85515e-05 2.84698e-05 8.42525e-06 
53 9.66979e-06 9.91675e-06 3.78832e-05 0.0 0.00308275 
54 0.0 1.222793e-05 1.096197e-05 0.0 0.0 
55 1.449467e-05 0.00022786248 0.0001450067 6.26974e-06 2.035204e-06 
56 0.0 0.0 1.96745e-06 7.20593e-06 0.000401928 
57 5.42505e-06 3.51624e-06 1.894065e-05 0.0 5.48992e-06 
58 2.093824e-06 1.091903e-05 1.961941e-05 1.974084e-06 2.843961e-06 
59 5.43476e-06 2.348651e-06 0.0 7.79131e-06 0.0 
60 2.061037e-05 1.735786e-05 2.127436e-06 2.270577e-06 3.610856e-06 
61 0.0 9.41521e-06 1.005365e-05 9.31662e-05 1.398956e-05 
62 3.878297e-05 4.06762e-06 1.5818e-06 7.83158e-06 7.36773e-06 
63 0.0 1.141934e-05 3.83456e-06 8.20458e-06 0.0 
64 4.96533e-05 4.62006e-05 1.003471e-05 0.00056170925 1.096197e-05 
65 1.699086e-06 0.001907777 3.46691e-06 2.939885e-05 1.882743e-06 
66 0.0 0.0 1.136802e-05 9.50268e-05 3.35074e-06 
67 2.310028e-06 1.58638e-06 0.0 0.0 0.0 
68 3.03295e-05 4.93525e-06 6.42288e-06 0.0 2.097366e-06 
69 3.7862e-05 3.074541e-06 0.0002616981 4.54835e-06 1.481829e-06 
70 5.592009e-06 7.74693e-06 4.590678e-06 4.6805e-06 1.413656e-06 
71 2.22283e-06 3.47013e-05 1.841641e-06 1.366648e-05 8.73355e-06 
72 2.176082e-05 7.82804e-06 3.47995e-05 5.31399e-05 3.622377e-06 
73 0.0 0.0 3.02189e-05 2.001648e-06 4.77117e-06 
74 2.48372e-05 1.2626266e-05 1.678361e-06 0.000784304 9.43791e-06 
75 3.54053e-05 2.70028e-06 2.61947e-06 1.668229e-05 3.29363e-05 
76 5.060986e-06 1.38479e-05 7.74693e-06 1.644224e-06 3.97138e-06 
77 0.000393295 2.749693e-06 1.745448e-06 0.0 2.060275e-05 
78 1.566959e-05 0.0 7.20593e-06 2.928154e-06 1.790354e-06 
79 8.54726e-05 9.52144e-05 5.81625e-05 0.0 2.172558e-06 
80 1.951915e-05 1.202094e-05 2.467604e-06 2.97941e-06 1.504033e-05 
81 0.0 7.76012e-06 0.0 1.013629e-05 2.712302e-06 
82 2.041011e-05 2.679034e-06 1.600965e-06 0.0 1.413561e-05 
83 0.0 0.0 4.25512e-06 4.56592e-05 1.306455e-06 
84 6.17588e-05 1.362772e-05 2.071329e-06 9.18394e-05 9.85505e-06 
85 3.23827e-05 4.54555e-05 2.77153e-05 9.18206e-06 0.0 
86 3.5822e-06 0.0 4.07216e-05 2.775666e-05 0.0 
87 0.0 0.0 1.194278e-05 3.70022e-05 3.02431e-06 
88 0.005052754 6.79902e-06 0.0 6.51676e-05 1.930298e-05 
89 0.0 2.18635e-05 0.000556683 0.0 0.0 
90 7.9962e-06 3.14704e-06 3.103638e-06 2.571002e-06 0.0 
91 4.213872e-06 0.0 2.184882e-06 0.0 1.926358e-06 
92 7.08074e-06 4.19629e-06 1.328914e-05 3.51071e-05 0.000527156 
93 0.0 1.031681e-05 0.0 4.446e-06 2.66762e-06 
94 6.42986e-05 0.0001619628 0.0002151093 1.479687e-06 3.175493e-06 
95 0.0 0.0 1.328798e-05 9.56307e-06 4.84118e-06 
96 2.360152e-06 0.0 3.205808e-06 1.052787e-05 4.59223e-05 
97 6.53292e-06 7.93927e-06 0.0 9.39582e-06 7.81937e-06 
98 7.59844e-06 4.7981e-06 4.12976e-06 2.633883e-06 4.56194e-06 
99 1.907495e-05 2.035204e-06 0.000393295 3.23871e-05 6.2034e-06 
100 0.0 0.0 0.0 0.0 1.20497e-06 
101 8.39993e-06 5.56834e-05 1.798405e-05 3.54868e-06 6.67362e-05 
102 5.57121e-06 1.952983e-06 0.0 4.13791e-05 0.0 
103 0.0 9.43954e-06 7.46908e-06 9.45929e-06 7.98478e-06 
104 0.0 0.0001141847 2.336993e-06 9.58569e-06 0.0001579001 
105 3.406932e-06 3.67704e-05 4.5502e-06 1.02437e-05 2.160144e-05 
106 1.798846e-06 0.0 5.69068e-06 0.0 5.84262e-06 
107 2.219199e-05 3.59947e-06 9.14124e-06 6.98842e-06 6.36801e-06 
108 2.47117e-06 2.560155e-07 1.410597e-05 9.60484e-06 2.5292e-05 
109 6.43274e-06 3.14099e-06 1.483329e-05 8.78629e-06 1.941935e-05 
110 1.782207e-05 0.00054647015 4.44892e-06 8.73387e-06 4.86773e-06 
111 3.71396e-06 1.659943e-05 3.175329e-06 2.726905e-06 0.0001067306 
112 0.0 6.45172e-06 1.416315e-05 1.42989e-05 0.000816383 
113 0.0 0.0 3.54586e-06 1.0664959e-05 6.32226e-06 
114 0.0 3.589121e-05 0.000845775 2.67404e-05 3.47995e-05 
115 6.17588e-05 3.448987e-05 0.0 5.26317e-06 1.668229e-05 
116 1.078672e-05 3.0548e-06 3.35743e-06 4.5502e-06 1.90985e-06 
117 2.412783e-06 2.623981e-06 5.35546e-05 1.110918e-05 2.77303e-05 
118 0.0 7.38617e-06 7.79246e-06 1.194278e-05 3.43119e-06 
119 0.0 5.510317e-06 2.637214e-06 6.25441e-06 3.76192e-06 
120 1.605946e-05 3.43119e-06 8.17378e-06 9.48312e-05 1.738945e-05 
121 2.415926e-06 6.54966e-06 0.0 2.563496e-05 3.151814e-05 
122 2.48372e-05 0.0 1.740283e-05 3.65559e-05 3.54053e-05 
123 8.2604e-05 2.385196e-05 0.0 0.0 9.799172e-05 
124 1.723041e-06 1.281448e-06 4.92996e-05 2.910627e-06 0.000116817 
125 3.401206e-06 0.0 0.0001249927 4.08972e-05 9.0174e-06 
126 2.49952e-06 3.5567e-06 0.0 3.015913e-06 1.495912e-05 
127 2.837654e-05 1.191689e-05 1.99648e-05 3.55964e-06 1.729846e-06 
128 1.5149e-05 1.016948e-05 4.872891e-05 0.0 8.1505e-05 
129 8.07802e-06 4.599071e-06 9.17389e-06 2.692829e-05 1.624686e-05 
130 1.089391e-05 8.93899e-06 2.508277e-05 0.0 7.15956e-06 
131 0.0 4.5373e-06 3.12722e-06 1.103788e-05 0.0 
132 0.0003521115 8.20264e-05 0.0003991843 0.0006860453 9.36466e-06 
133 1.886721e-06 9.52252e-06 7.83158e-06 2.245714e-06 8.98844e-07 
134 0.0003997941 1.63751e-06 6.17588e-05 3.97629e-06 3.888128e-06 
135 0.0 5.34971e-06 5.4582e-06 0.0 9.12934e-06 
136 5.83529e-05 4.6032e-06 2.191266e-06 7.7461e-06 2.847e-06 
137 9.82448e-05 0.000213691 5.57184e-06 0.0 5.69572e-06 
138 4.44875e-05 1.022517e-05 4.73201e-05 2.018384e-06 1.221069e-05 
139 0.0 3.5551e-06 1.205321e-05 0.0 2.530518e-06 
140 5.15924e-05 0.000563351 6.03781e-06 3.47517e-06 1.189691e-05 
141 2.331199e-05 2.35965e-05 0.0001575875 3.8765e-06 0.0 
142 0.0 6.42986e-05 0.0 3.2376e-06 1.449704e-06 
143 2.441389e-05 0.0 1.425633e-05 2.169309e-06 0.0 
144 2.224546e-05 2.436787e-06 5.18233e-05 3.67725e-05 3.275333e-06 
145 7.74182e-06 3.95138e-06 3.439217e-06 0.0 1.096197e-05 
146 0.0004969894 1.060639e-05 9.12934e-06 4.67736e-05 4.23673e-06 
147 3.95583e-06 2.607507e-05 0.0 0.0 0.0 
148 3.14099e-06 7.31774e-06 1.158696e-06 3.013915e-06 6.84179e-06 
149 5.73807e-06 5.55816e-06 0.0 2.8146e-05 0.0001397977 
150 3.47004e-06 2.41958e-06 1.951314e-05 0.0 3.67704e-05 
151 9.18394e-05 7.48404e-06 7.101471e-05 1.692982e-05 4.480002e-05 
152 2.9957e-06 5.41019e-06 0.0 1.520882e-05 0.0 
153 5.47082e-06 5.76968e-05 7.50015e-06 1.165622e-05 2.64099e-05 
154 0.0 3.65707e-06 0.0 9.17389e-06 2.719089e-06 
155 1.136988e-05 1.474649e-05 2.105383e-06 3.31895e-06 2.069248e-06 
156 1.1564131e-05 6.99569e-06 6.76255e-05 2.091855e-05 1.096197e-05 
157 8.70707e-06 7.94132e-05 0.0004658297 0.0 1.219025e-05 
158 1.333712e-05 2.692829e-05 7.16813e-06 2.9816e-05 1.678641e-05 
159 2.001648e-06 3.448987e-05 0.0 2.973074e-06 7.6974e-06 
160 2.457034e-06 0.000843688 1.63751e-06 0.0001624787 0.0 
161 6.1442e-05 0.0 6.25418e-05 5.372741e-06 8.571965e-06 
162 7.12305e-06 9.75271e-05 4.6143e-06 1.738945e-05 1.164307e-05 
163 3.59456e-06 5.31399e-05 0.0 1.13323e-05 4.80048e-06 
164 0.0 3.76797e-05 2.471171e-05 1.28569e-05 0.0 
165 5.16699e-06 1.867584e-06 2.584223e-06 0.0 8.17535e-06 
166 2.73857e-05 0.0 0.0 1.252698e-05 2.31147e-05 
167 8.24509e-06 0.0002746486 4.21989e-06 5.5685754e-06 0.0003458086 
168 4.54835e-06 1.286371e-05 0.0 2.845095e-06 3.771707e-06 
169 0.0004969894 0.0 3.359283e-05 2.39321e-05 0.0003991843 
170 3.81112e-06 6.041214e-05 0.0 6.76255e-05 1.237924e-06 
171 4.0232e-06 4.52275e-05 0.000292723 4.88321e-06 4.80183e-06 
172 4.43196e-06 7.39769e-06 3.772541e-05 1.9321e-06 0.0001108971 
173 0.0010785905 3.54002e-06 1.674903e-06 3.54053e-05 2.039392e-05 
174 0.0 2.198698e-06 2.99249e-05 1.655769e-05 3.89313e-06 
175 4.224795e-06 2.857268e-05 0.0 4.44004e-05 2.202281e-05 
176 4.28874e-05 1.253283e-05 2.99664e-05 3.03396e-05 1.700643e-06 
177 1.369238e-05 0.0 3.611693e-06 8.57955e-06 4.02415e-06 
178 3.73397e-05 0.0 6.95855e-06 2.747925e-06 9.514e-06 
179 1.678361e-06 1.246137e-05 3.67725e-05 0.0 6.041214e-05 
180 2.33747e-06 4.71728e-05 2.998502e-06 8.15997e-06 1.624183e-05 
181 4.47638e-05 3.39681e-06 4.24129e-06 1.678361e-06 0.0010785905 
182 0.0 2.90464e-06 0.0 8.97642e-06 6.7141e-06 
183 0.0 0.0 1.795865e-06 1.481427e-05 4.95693e-06 
184 5.37071e-05 1.599109e-05 0.0 1.878057e-05 4.23673e-06 
185 1.975546e-05 2.72563e-05 9.51216e-05 1.253283e-05 2.82346e-05 
186 5.05907e-05 1.540675e-05 5.00361e-06 7.5954e-06 0.0001344552 
187 2.62979e-05 0.0 0.0 0.0 2.920908e-06 
188 7.1539e-06 6.66981e-06 0.0 4.71728e-05 1.518027e-05 
189 1.961941e-05 2.16543e-05 0.0 1.091903e-05 8.61148e-05 
190 6.3046e-05 0.0 0.0009177918 5.50038e-05 5.07135e-05 
191 0.0 0.000401928 7.20322e-05 0.0 1.283951e-05 
192 4.9631e-06 0.0 1.465256e-05 6.10646e-06 0.000816383 
193 3.19424e-06 2.216298e-06 3.69342e-06 3.395e-06 2.231729e-05 
194 7.23503e-06 2.219129e-05 3.466057e-05 0.0 0.0 
195 2.162044e-05 3.097018e-06 1.1532384e-05 1.99648e-05 1.388853e-05 
196 2.68131e-06 4.11025e-06 0.0 1.256603e-05 4.63603e-06 
197 9.65449e-06 0.0 0.0001425673 4.07829e-05 3.19132e-06 
198 0.0 2.438112e-06 1.845458e-06 1.056162e-05 0.0 
199 0.0001681147 4.24678e-06 4.73201e-05 1.675222e-05 1.152485e-06 
200 3.15045e-06 0.0 5.66348e-06 6.9387e-06 0.0 
201 0.0004110695 8.7533e-06 9.48879e-06 0.0 0.0 
202 1.1532384e-05 1.246493e-05 2.95956e-06 1.150658e-05 4.820748e-05 
203 1.534569e-06 3.60514e-05 2.68167e-05 1.052218e-05 0.0001114264 
204 1.286371e-05 0.0 1.566959e-05 1.010347e-05 3.18646e-06 
205 6.76255e-05 1.734828e-05 2.79373e-06 7.74693e-06 5.4279e-06 
206 9.33419e-06 1.356702e-05 1.062916e-05 1.814113e-06 8.01051e-05 
207 1.759038e-06 2.170693e-05 6.17586e-06 0.0 2.61222e-06 
208 9.114e-06 6.42986e-05 4.91049e-06 0.0 4.272322e-06 
209 5.25688e-06 6.24849e-06 7.34797e-05 9.29459e-06 2.893163e-05 
210 2.303336e-05 5.23712e-05 4.15275e-05 4.54555e-05 3.79118e-06 
211 1.586189e-05 0.00011445859 3.064795e-05 3.36842e-06 1.194278e-05 
212 1.100256e-05 3.326826e-06 8.447215e-05 2.18423e-05 1.539204e-05 
213 3.14099e-06 5.35546e-05 0.0 0.0 0.0 
214 5.45396e-06 9.7225e-06 1.328798e-05 0.0 1.635016e-06 
215 3.791589e-06 9.32707e-06 3.10337e-05 3.293268e-06 3.998985e-05 
216 2.681021e-06 3.14602e-06 0.0 9.88484e-06 0.0 
217 1.251965e-05 8.5935e-05 0.0007630808 0.0 2.81254e-06 
218 0.0 0.0 4.42715e-06 0.0004060577 7.44538e-06 
219 0.001453135 0.0001658474 5.58404e-06 0.0 0.0 
220 2.240842e-05 2.465943e-06 7.9962e-06 1.952983e-06 4.41593e-05 
221 5.18233e-05 1.722798e-06 2.682929e-06 1.204355e-05 1.014432e-05 
222 0.0012849434 2.51338e-06 0.0 6.16052e-05 0.0 
223 4.80048e-06 3.95138e-06 8.55488e-05 5.27867e-06 0.0 
224 0.0 0.0 7.02575e-06 0.00159973 3.953213e-06 
225 0.0 6.56453e-06 2.18423e-05 0.0 1.010347e-05 
226 1.474649e-05 1.110918e-05 2.027256e-06 2.83805e-06 1.951915e-05 
227 1.525933e-05 0.0 4.60306e-05 2.039392e-05 0.0 
228 6.55628e-06 0.0004110695 4.98721e-06 3.67829e-06 2.77919e-06 
229 0.0 0.0 1.13323e-05 1.635016e-06 1.005524e-05 
230 0.0 0.0003525695 0.0 1.062756e-05 9.35352e-05 
231 0.0 4.19775e-06 1.696765e-05 0.0 0.0 
232 0.0 3.58738e-06 6.32226e-06 7.44384e-05 0.0 
233 1.99773e-06 1.297891e-05 1.0717448e-05 3.31387e-06 0.0 
234 5.333285e-06 0.0 2.82791e-06 0.0 6.46857e-06 
235 7.91259e-06 5.20915e-06 2.008473e-06 8.92761e-05 1.606576e-05 
236 5.47082e-06 2.5216e-06 1.782291e-06 5.6489e-05 5.34035e-05 
237 5.22314e-06 6.25238e-06 1.911161e-05 2.095615e-05 0.0 
238 2.6256e-05 6.13763e-06 2.83805e-06 3.508848e-05 2.253129e-05 
239 4.984196e-05 8.54922e-06 0.0001778006 6.60146e-05 2.024027e-06 
240 0.0 2.061474e-06 2.415926e-06 2.845095e-06 5.4829e-06 
241 3.897985e-06 0.0 0.00030060785 0.0 0.0 
242 1.90152e-06 4.066405e-06 2.42994e-06 2.99249e-05 0.0 
243 1.003471e-05 1.125558e-05 6.73971e-06 3.99465e-06 1.0664959e-05 
244 0.0 2.523522e-06 0.0 0.000123518 8.05338e-06 
245 2.19619e-06 2.179248e-06 3.01642e-06 8.47286e-05 1.023842e-05 
246 2.465943e-06 1.964417e-06 1.561118e-06 9.39582e-06 3.957174e-05 
247 2.688993e-05 2.022685e-05 1.530335e-06 1.236325e-05 0.000655988 
248 0.0 2.50914e-06 0.0 4.5234027e-05 1.592614e-05 
249 6.14866e-06 0.0 0.0 1.587063e-05 2.498603e-06 
250 1.207889e-05 0.0 3.67829e-06 0.0 0.0 
251 1.477798e-05 2.377662e-05 3.293268e-06 5.22986e-06 8.46791e-06 
252 4.90138e-05 1.954617e-05 0.0 8.571965e-06 0.0 
253 9.05377e-06 0.0 2.086375e-05 1.560297e-05 4.5126e-06 
254 1.217193e-05 2.553911e-05 3.58932e-06 1.948482e-05 0.0 
255 8.05338e-06 4.93525e-06 0.0 1.566959e-05 0.0 
256 0.0 1.754053e-06 7.1964e-05 1.790354e-06 9.43954e-06 
257 1.529162e-05 0.000511788 7.27838e-06 4.5843e-06 2.085336e-05 
258 1.954933e-06 0.0 1.481829e-06 1.540675e-05 1.546408e-06 
259 3.293268e-06 5.28512e-06 1.304078e-05 6.89689e-06 1.1271e-05 
260 0.0002768159 0.0 4.192516e-06 2.031967e-06 8.65152e-05 
261 7.69305e-06 4.53457e-05 3.61005e-06 0.0 5.54234e-06 
262 2.666573e-06 3.31634e-06 0.00034366 1.310476e-05 4.32384e-05 
263 4.26069e-06 0.0003997941 0.0005395498 2.39054e-06 3.65559e-05 
264 3.6423e-05 3.35334e-06 2.54191e-06 1.721511e-06 0.0001000621 
265 7.7579e-06 2.692829e-05 1.274473e-05 5.21029e-05 7.75066e-06 
266 3.86489e-05 0.0 8.61128e-05 2.473687e-06 1.437712e-05 
267 3.175493e-06 8.70707e-06 8.2604e-05 4.89925e-06 0.0 
268 5.18193e-06 1.653322e-06 9.47645e-06 1.357615e-05 6.01125e-05 
269 0.0 1.28673e-05 0.0 3.332478e-06 0.0 
270 4.38822e-06 1.983987e-05 2.87701e-06 0.0001693935 9.88439e-06 
271 9.88484e-06 4.57879e-06 0.0 4.38849e-05 4.179618e-06 
272 0.0 4.872891e-05 2.90638e-05 3.190143e-05 1.737195e-05 
273 0.000376907 2.936121e-06 0.000678669 0.0 7.43067e-05 
274 8.25372e-06 0.0 0.0 2.613756e-06 0.0002133713 
275 3.27044e-06 0.0 1.245246e-05 0.0 2.87701e-06 
276 6.50437e-06 2.5216e-06 0.0 4.3963e-06 0.0001433043 
277 0.0 1.117075e-05 6.90043e-06 5.45892e-06 1.385321e-05 
278 1.737709e-05 0.0 5.47397e-06 4.206533e-05 4.59223e-05 
279 4.9343e-06 1.678361e-06 0.0 0.0 2.695103e-06 
280 0.000393295 5.85604e-06 0.0 1.160935e-05 0.0 
281 3.16053e-06 0.0 0.0001101524 4.48191e-06 0.0 
282 2.94656e-06 6.42901e-05 9.59676e-06 1.390384e-05 4.71728e-05 
283 2.204238e-06 2.665555e-06 4.19532e-06 3.144932e-06 3.38859e-06 
284 1.474649e-05 0.0 0.0 1.586189e-05 7.68936e-05 
285 1.13323e-05 6.60677e-06 2.391999e-05 8.81361e-06 0.0 
286 8.26753e-06 1.496587e-05 2.80017e-06 0.0 9.96461e-06 
287 2.160678e-06 2.83019e-06 1.4341819e-06 1.087353e-05 0.0 
288 4.42517e-05 1.58638e-06 1.229995e-05 1.246245e-05 1.599109e-05 
289 6.61578e-06 0.0 1.830163e-05 0.0001114264 6.79902e-06 
290 3.444271e-05 1.613743e-05 0.0 0.0 4.47638e-05 
291 2.436791e-05 6.95602e-06 1.51944e-07 4.38751e-06 4.872891e-05 
292 4.37951e-06 2.99664e-05 0.0 1.191689e-05 1.782207e-05 
293 2.553911e-05 2.549791e-06 2.66347e-06 6.03781e-06 3.4985e-06 
294 3.99465e-06 1.250269e-06 2.510518e-06 2.384534e-05 0.0001692182 
295 9.00297e-06 1.061784e-05 0.0 3.57139e-05 3.76343e-06 
296 7.064119e-06 0.0 2.032644e-06 1.758934e-06 9.01304e-05 
297 6.25441e-06 0.0 3.64885e-06 3.697048e-06 1.197106e-05 
298 9.52318e-05 2.4641e-05 2.42749e-05 4.53693e-05 0.0 
299 1.376908e-05 2.008002e-06 6.55628e-06 0.000300923 1.1371314e-06 
300 2.16386e-05 2.719089e-06 2.86064e-05 0.0 5.48269e-06 
301 9.32707e-06 0.0 1.364218e-05 2.027256e-06 2.99208e-05 
302 1.011624e-05 4.822014e-05 2.9918e-06 4.14387e-06 1.362772e-05 
303 2.621847e-06 0.0 9.37224e-06 1.96846e-06 0.0 
304 5.2153e-06 1.783245e-06 1.449932e-05 0.0 2.64806e-05 
305 1.529162e-05 2.51702e-06 3.35841e-06 1.405062e-05 1.560297e-05 
306 2.84453e-06 6.70321e-06 9.97108e-06 1.947647e-05 0.0 
307 1.346501e-05 0.0 8.06176e-06 3.340497e-06 1.870285e-05 
308 3.23579e-05 1.077761e-05 9.37224e-06 7.44538e-06 2.6256e-05 
309 2.351377e-05 1.669549e-06 3.275333e-06 2.64806e-05 0.0001221015 
310 0.0 0.0 6.63638e-06 5.47082e-06 1.873517e-06 
311 5.65603e-06 5.52194e-06 3.42091e-06 5.84262e-06 0.0001114264 
312 1.688476e-05 1.900764e-06 0.0 1.809493e-06 1.712496e-05 
313 0.0 0.0 3.96047e-06 3.385185e-06 7.04241e-06 
314 8.48376e-06 9.48312e-05 1.214449e-05 4.036565e-05 0.0 
315 1.827177e-05 0.0 3.49517e-05 3.035369e-05 9.8962e-06 
316 5.94384e-06 0.0 0.000393295 0.0 2.21627e-06 
317 9.81332e-06 5.69572e-06 2.003434e-06 1.692982e-05 6.643757e-06 
318 3.34293e-06 2.226205e-06 6.707847e-06 9.271e-06 4.40774e-06 
319 1.513989e-05 9.73166e-06 9.114e-06 9.59676e-06 2.579734e-06 
320 2.362022e-06 2.16386e-05 0.0 6.99574e-05 4.75818e-06 
321 0.0 5.33089e-05 1.843681e-05 6.827755e-06 9.99712e-07 
322 4.15296e-06 5.711831e-06 0.0 2.62327e-06 0.0 
323 2.74889e-06 7.101471e-05 2.150253e-06 0.0 2.040482e-05 
324 2.78304e-05 2.59786e-06 9.17381e-05 3.51071e-05 7.30926e-06 
325 2.536094e-06 3.097018e-06 3.43654e-06 5.26839e-06 0.0 
326 1.530322e-05 0.0 4.32384e-05 0.000671803 4.25271e-06 
327 5.53961e-05 5.22027e-06 4.547702e-06 1.0542966e-05 6.44335e-06 
328 0.0 4.480002e-05 4.07635e-06 8.74313e-06 2.97915e-05 
329 6.99635e-06 0.0 6.12309e-06 4.87316e-06 0.0 
330 8.7373e-05 3.214779e-06 0.0 0.000409954 9.17389e-06 
331 8.74843e-05 1.246245e-05 1.022517e-05 5.52738e-06 3.867286e-05 
332 2.406521e-06 1.790354e-06 8.42211e-05 0.0 0.0 
333 5.44196e-06 9.49324e-06 2.682048e-05 0.0001584232 0.0 
334 0.0 3.697048e-06 0.0 1.006436e-05 3.103638e-06 
335 0.0 0.0 0.0 3.105318e-05 1.421681e-05 
336 6.12624e-06 0.0004085397 4.56575e-05 0.0 0.0 
337 4.76342e-06 0.0 0.0 1.832433e-06 2.333166e-06 
338 0.0 0.0 0.0 3.34896e-06 5.2349e-06 
339 5.17878e-06 5.002845e-05 0.0 0.000643935 4.6429e-06 
340 2.103081e-06 0.0005218307 6.0014e-06 0.0 0.0 
341 1.723002e-06 0.0 2.163215e-06 4.43196e-06 0.0 
342 1.477798e-05 1.372242e-05 2.23961e-05 8.14007e-06 0.0 
343 1.974348e-06 2.614504e-06 0.0 0.0 5.03309e-05 
344 2.77919e-06 1.005365e-05 3.12481e-06 0.0 8.26076e-06 
345 3.02189e-05 1.102949e-05 0.0 1.354993e-05 7.61725e-06 
346 0.0 4.60306e-05 2.607507e-05 3.40371e-06 1.196713e-05 
347 2.306288e-06 0.0 2.134029e-06 0.0 0.0 
348 3.76343e-06 0.0 3.243202e-06 6.42288e-06 6.4425e-05 
349 2.61314e-06 6.5954e-06 1.021631e-05 0.0 3.91622e-06 
350 1.338683e-05 0.0 5.54334e-06 4.51303e-06 1.948482e-05 
351 0.0 5.50574e-05 1.698596e-05 2.253121e-06 4.805486e-05 
352 9.496339e-06 9.993735e-05 3.00746e-05 0.0 8.42525e-06 
353 3.864811e-05 0.0 0.0 0.0 0.0 
354 5.34035e-05 1.240975e-05 9.8962e-06 4.96533e-05 5.48423e-06 
355 5.72507e-06 5.99504e-06 0.0 2.260481e-06 0.0 
356 7.20322e-05 7.34797e-05 0.0 4.08884e-05 8.25801e-05 
357 0.0 0.0 9.75271e-05 1.739837e-06 6.24082e-06 
358 1.052787e-05 2.264377e-06 4.1202e-06 6.72277e-06 1.01305e-05 
359 0.0001824722 0.0 7.65765e-06 2.088765e-06 1.158791e-05 
360 2.273739e-06 1.020307e-05 0.0 1.653482e-05 0.0 
361 2.210741e-05 9.00297e-06 6.344697e-06 1.022517e-05 1.693061e-05 
362 5.35546e-05 5.85766e-05 0.0 5.65809e-06 0.0001311492 
363 4.00524e-05 8.20458e-06 2.582171e-06 2.70336e-06 4.590678e-06 
364 8.11901e-05 6.26974e-06 3.06469e-05 4.12846e-05 1.737195e-05 
365 0.0 8.78629e-06 1.022517e-05 0.0 8.45175e-06 
366 0.0 2.287592e-06 3.444097e-06 0.00023088862 3.86489e-05 
367 3.96017e-06 0.0 4.435705e-05 0.0001061865 1.107472e-05 
368 6.71542e-06 3.43753e-06 7.49221e-06 1.99773e-06 1.586168e-05 
369 0.0002233103 1.825459e-06 0.0002069842 7.19138e-06 6.16005e-06 
370 2.098666e-06 2.251132e-06 2.714878e-05 0.0 0.0 
371 1.223177e-05 0.0 2.017354e-06 2.396e-06 1.678361e-06 
372 1.125558e-05 0.0 3.27775e-06 2.15077e-06 2.12355e-05 
373 5.31399e-05 4.478702e-06 1.373792e-05 0.000678669 0.0003997941 
374 8.22734e-06 2.856405e-06 6.55628e-06 1.303383e-05 1.518027e-05 
375 2.158362e-06 1.739687e-06 1.209841e-05 1.00412e-05 1.670897e-05 
376 9.114e-06 4.036565e-05 3.62055e-05 1.796958e-05 0.0 
377 0.0 5.09989e-06 2.88338e-06 0.0 8.96146e-05 
378 2.064107e-05 5.72209e-05 4.872891e-05 0.0 2.052568e-06 
379 3.53772e-06 2.682929e-06 0.0 7.71698e-06 2.040482e-05 
380 6.69241e-06 2.874828e-05 7.05983e-06 9.19487e-06 2.39775e-05 
381 1.80836e-05 0.0001923419 2.8146e-05 7.9962e-06 1.816223e-05 
382 0.0 6.18804e-06 9.17389e-06 9.59676e-06 4.22712e-06 
383 0.0 2.264377e-06 1.79369e-05 5.711831e-06 0.0 
384 1.503111e-05 1.019072e-05 0.0 4.67851e-05 1.01305e-05 
385 0.0002232057 0.0 9.82845e-06 5.684559e-06 1.735153e-06 
386 1.460191e-05 4.87516e-05 7.41459e-06 1.112145e-05 0.0 
387 0.0 2.910133e-06 5.00361e-06 9.75271e-05 4.036565e-05 
388 2.276318e-06 0.000327363 2.37566e-06 3.29591e-06 0.0 
389 0.0 0.0 1.6794e-06 3.38965e-06 2.366547e-06 
390 1.518027e-05 2.459029e-05 0.0 2.72836e-06 9.73166e-06 
391 2.231729e-05 2.909651e-06 3.242399e-06 2.38813e-06 8.11901e-05 
392 2.255907e-06 1.163465e-05 0.0 0.0 4.09585e-06 
393 0.0 1.006436e-05 4.46435e-06 2.22475e-06 0.0 
394 3.55134e-06 1.854441e-06 2.055805e-06 2.260481e-06 0.0 
395 3.60837e-05 8.51026e-05 7.14732e-06 5.75284e-06 1.644224e-06 
396 0.0 5.30684e-06 0.0 0.0002993432 0.0 
397 2.576644e-06 0.0 4.05341e-06 0.0 3.5776e-06 
398 3.91111e-05 6.51869e-06 2.092058e-06 2.119501e-06 9.00264e-06 
399 5.16118e-06 2.59316e-06 0.0 0.0 4.21013e-06 
400 0.0 2.569726e-06 2.533456e-05 0.0001356821 2.255082e-05 
401 0.0 3.62372e-06 1.334479e-06 2.323995e-06 0.0002518089 
402 6.42986e-05 1.505389e-05 5.01749e-06 1.974084e-06 2.4496e-06 
403 2.553333e-05 1.439513e-05 4.34094e-06 1.207937e-05 2.73121e-05 
404 5.002845e-05 1.714599e-05 6.82245e-06 3.61883e-06 5.26839e-05 
405 2.868357e-06 5.79157e-06 8.06693e-06 0.0004038671 0.0 
406 0.00056170925 1.966187e-06 1.530322e-05 7.70796e-05 2.094512e-06 
407 2.607668e-05 0.0 2.132413e-05 9.284135e-05 1.304107e-05 
408 3.097018e-06 2.28073e-06 2.331199e-05 2.03685e-05 1.191689e-05 
409 2.45172e-05 1.088166e-05 3.65559e-05 1.886909e-05 2.508848e-06 
410 9.83192e-06 0.0 5.58917e-06 1.530322e-05 2.145207e-06 
411 2.554847e-06 3.64097e-06 2.771771e-06 6.53946e-05 0.0 
412 0.0001125866 2.022685e-05 0.0004394765 5.5685754e-06 2.204238e-06 
413 0.0 7.50015e-06 1.003471e-05 0.00030060785 3.232382e-05 
414 2.45829e-06 3.013915e-06 2.62365e-05 1.738945e-05 6.344697e-06 
415 0.0 1.737195e-05 1.866364e-05 1.992027e-06 0.0 
416 2.88251e-05 0.0 8.25801e-05 5.97294e-05 4.34348e-06 
417 4.51759e-06 1.212844e-05 4.3264e-06 2.349525e-06 7.58162e-06 
418 7.94969e-06 0.000496457 6.79276e-06 1.692252e-06 4.205663e-06 
419 2.083671e-06 4.09614e-05 3.60934e-06 0.0 9.21042e-06 
420 2.199788e-05 0.0004060577 2.084061e-06 1.939894e-06 5.10802e-05 
421 4.0871e-06 2.883688e-06 1.028539e-05 8.17535e-06 3.913411e-06 
422 4.596405e-05 0.00022786248 0.0 1.2016e-05 1.449467e-05 
423 3.16215e-05 1.089391e-05 0.0 1.881913e-05 1.043215e-05 
424 0.0 7.38617e-06 3.06469e-05 1.935077e-06 2.064246e-06 
425 0.0 0.0 0.0 4.89329e-06 0.0 
426 9.31078e-06 2.502559e-06 1.791888e-06 2.50004e-05 4.016694e-05 
427 4.03344e-06 7.5951e-07 5.18193e-06 4.066405e-06 2.72563e-05 
428 3.1945e-05 1.474649e-05 5.59621e-06 2.6347e-05 0.0 
429 1.427539e-05 0.000763351 3.23169e-06 0.000860753 0.000180552 
430 2.60027e-06 7.04632e-06 0.0 0.0 0.0 
431 0.0 3.25481e-06 1.855672e-05 0.0 1.307147e-05 
432 2.356214e-06 6.3092e-06 1.886909e-05 5.16642e-05 9.47645e-06 
433 5.032543e-06 0.0001860043 1.029832e-05 1.187386e-05 2.243344e-06 
434 0.0 2.87801e-06 1.2626266e-05 7.65972e-06 2.623713e-06 
435 0.0001061865 4.92041e-05 0.0 1.191667e-06 3.31895e-06 
436 0.0 0.0 0.0 4.22712e-06 1.479644e-05 
437 0.0 5.50248e-06 7.907899e-06 2.9764e-05 0.0 
438 0.0001450067 3.40748e-05 0.000393295 8.17535e-06 4.41518e-06 
439 1.816895e-06 0.0 2.549791e-06 3.59456e-06 5.15924e-05 
440 2.5474e-06 0.0 2.719937e-06 0.0 0.0 
441 0.001037117 2.999357e-05 6.51156e-06 2.73634e-06 0.0 
442 1.701434e-06 5.276451e-05 1.878057e-05 2.431621e-06 3.292623e-05 
443 4.52739e-05 7.24849e-06 3.58437e-06 2.873043e-06 7.84335e-06 
444 0.0001141847 4.38849e-05 1.987221e-06 4.01975e-05 0.0 
445 6.09029e-06 0.0 2.310469e-05 0.0 4.35881e-06 
446 1.194278e-05 0.0 0.0002796175 9.75271e-05 0.000198137 
447 0.0 3.316382e-06 2.46586e-06 0.0 1.019072e-05 
448 1.191689e-05 2.99933e-06 1.075158e-05 2.85602e-06 1.238418e-05 
449 0.0 0.0 3.97629e-06 2.377662e-05 6.73359e-05 
450 4.368067e-06 2.165623e-06 5.231634e-06 1.2388295e-05 0.0 
451 3.470566e-06 3.401206e-06 7.71698e-06 4.75489e-07 0.0 
452 2.498603e-06 0.0001732479 2.87513e-06 0.0 0.0001133486 
453 0.0001717006 2.039392e-05 0.0 4.478702e-06 1.154622e-05 
454 1.479687e-06 5.324748e-05 7.38617e-06 4.328371e-06 0.0 
455 2.95956e-06 8.15052e-06 1.99648e-05 1.455673e-05 3.55478e-05 
456 4.36206e-06 4.45307e-06 1.467746e-06 0.0005553049 6.25441e-06 
457 7.55951e-06 3.95583e-06 2.95977e-06 4.72625e-06 1.796614e-06 
458 0.0003458086 7.81937e-06 3.44089e-05 4.1299e-06 5.26839e-06 
459 5.09838e-06 3.47133e-06 7.75066e-06 2.074277e-05 0.0 
460 2.135283e-05 0.0 2.12417e-05 3.920681e-05 2.857268e-05 
461 1.864722e-06 7.41934e-05 1.793826e-06 3.541959e-06 0.0 
462 2.094512e-06 0.0 3.69342e-06 3.74115e-05 4.66467e-06 
463 7.58162e-06 0.0 7.61306e-06 6.76255e-05 6.53292e-06 
464 1.964481e-06 3.926532e-06 0.0 5.52425e-06 2.008002e-06 
465 1.548777e-05 6.67362e-05 0.0004658297 2.085336e-05 2.047164e-06 
466 2.88251e-05 3.638025e-06 9.447063e-05 1.100455e-05 0.0 
467 3.059536e-06 5.31268e-06 2.841681e-06 2.99664e-05 5.16642e-05 
468 0.0 2.19782e-05 2.314029e-06 2.231573e-05 1.107472e-05 
469 3.03295e-05 7.89207e-06 0.0 3.775029e-06 2.37066e-06 
470 1.509038e-06 2.510891e-05 3.993854e-06 8.47111e-05 3.23827e-05 
471 3.41712e-05 2.647074e-05 1.941935e-05 0.0 1.148934e-05 
472 1.409351e-05 3.47013e-05 9.88973e-06 8.92761e-05 7.94948e-05 
473 0.0 4.37309e-05 0.0 1.944485e-05 3.40816e-05 
474 1.90152e-06 1.14555e-05 2.574893e-06 6.95855e-06 1.28708e-05 
475 0.0 5.30201e-05 6.07016e-06 0.0006387797 1.5177278e-06 
476 0.0 7.87677e-06 4.13783e-06 0.000743109 2.26709e-06 
477 3.47713e-06 3.23169e-06 8.99358e-06 2.52345e-05 1.427539e-05 
478 1.4194929e-05 1.586168e-05 4.66559e-05 1.897489e-05 7.81937e-06 
479 5.94821e-05 0.0 1.805344e-05 6.76253e-06 0.0 
480 9.6247e-06 2.19782e-05 2.49366e-06 1.245246e-05 2.090674e-06 
481 2.5216e-06 8.32649e-06 8.54223e-06 1.519822e-05 3.831264e-05 
482 9.48312e-05 6.579146e-06 1.225903e-05 1.662937e-06 3.23579e-05 
483 6.52376e-06 2.08052e-05 0.0 6.22961e-06 9.17389e-06 
484 3.19255e-05 1.276509e-05 1.479692e-05 3.610856e-06 0.000464345 
485 7.22263e-06 3.43559e-06 0.0 0.0001205741 2.911642e-05 
486 0.0 1.460191e-05 3.00236e-06 0.0 4.96533e-05 
487 6.38343e-06 0.0 1.566585e-06 3.594874e-05 3.74547e-06 
488 0.0 1.149876e-05 1.240975e-05 0.0 0.0001249927 
489 0.0 4.15275e-05 9.18206e-06 8.20264e-05 3.52517e-06 
490 0.0 4.92996e-05 7.698774e-06 0.0001860043 1.1135789e-05 
491 0.0 0.0 0.0 2.05845e-05 1.318665e-05 
492 0.0 9.911995e-06 2.48372e-05 3.52223e-05 1.413561e-05 
493 0.0 3.926532e-06 3.216336e-06 4.109179e-06 1.769528e-06 
494 2.12209e-06 9.44216e-06 5.25688e-06 5.28075e-06 1.110268e-06 
495 0.0 4.38849e-05 1.095935e-05 9.98164e-06 5.94384e-06 
496 1.826164e-05 0.0 2.420964e-06 9.11259e-06 5.45892e-06 
497 5.483493e-06 1.064051e-05 9.78505e-05 6.16005e-06 1.242451e-05 
498 2.272338e-06 0.0 5.50574e-05 2.682048e-05 0.0 
499 5.8125e-06 2.073791e-06 3.72371e-05 4.21176e-05 2.110447e-05 
500 0.000816383 0.0 2.632371e-05 2.332059e-05 8.16711e-05 
501 0.0 2.87275e-05 3.65559e-05 0.0 2.158362e-06 
502 2.574893e-06 1.90152e-06 3.69433e-05 1.35928e-05 6.12206e-06 
503 1.53668e-06 4.12817e-06 1.186673e-05 0.0 2.19782e-05 
504 2.515545e-06 1.21457e-05 6.041214e-05 3.836667e-06 9.25297e-06 
505 2.33681e-06 3.449792e-06 0.0002111512 1.653638e-06 0.0 
506 1.790354e-06 4.177773e-06 6.72277e-06 1.921365e-05 3.41072e-06 
507 0.000393295 2.85515e-05 2.231729e-05 2.909651e-06 4.15601e-06 
508 1.881913e-05 2.135283e-05 2.502148e-05 0.0 5.42505e-06 
509 1.652993e-05 6.73359e-05 6.16005e-06 1.253936e-05 0.0003632978 
510 0.000750802 9.6247e-06 3.926532e-06 3.326826e-06 1.584825e-06 
511 0.0 4.43196e-06 4.135854e-06 4.43599e-06 2.8748e-06 
512 3.876098e-06 0.0 1.947876e-06 3.49981e-05 0.000575281 
513 0.0 2.864935e-06 1.095935e-05 2.264377e-06 0.0 
514 8.73641e-06 0.0 0.0 1.869924e-06 0.0 
515 8.92761e-05 4.06032e-06 4.435705e-05 5.16642e-05 1.351194e-05 
516 1.003471e-05 0.000302879 0.0 8.07737e-06 0.000601812 
517 1.191689e-05 5.498439e-05 3.878297e-05 1.981441e-05 8.41982e-06 
518 6.30198e-06 3.49251e-06 3.01682e-06 0.0001824722 1.108969e-05 
519 3.54002e-06 3.468093e-06 1.613799e-05 0.0 0.0 
520 4.87316e-06 1.737195e-05 7.53575e-05 1.566832e-05 3.23579e-05 
521 3.45256e-06 1.03629e-05 3.61005e-06 2.958615e-06 0.0 
522 6.67362e-05 9.29459e-06 1.169348e-05 1.25954e-05 8.25801e-05 
523 5.4026e-06 0.0 2.76505e-06 1.186982e-05 6.418646e-06 
524 6.66981e-06 1.246798e-05 5.433e-06 4.91049e-06 2.65403e-06 
525 1.207937e-05 0.0 0.0001674612 2.886617e-06 0.0 
526 1.872106e-06 1.788309e-06 6.34553e-05 0.0 1.525647e-05 
527 2.6347e-05 0.0 2.52663e-05 2.037793e-05 6.10346e-06 
528 0.0 0.0 0.0 2.393434e-06 0.0 
529 2.288583e-05 0.0 1.318665e-05 3.4985e-06 6.453673e-06 
530 0.0 1.604562e-05 1.488664e-05 9.66979e-06 0.0 
531 0.0 2.39054e-06 0.0 0.0 2.899355e-06 
532 4.76712e-05 3.6201e-05 0.0 5.15866e-05 8.17938e-06 
533 2.975798e-05 7.039e-05 0.0 2.320028e-06 2.99504e-06 
534 0.0001114264 1.103038e-05 8.67107e-05 3.67704e-05 2.549058e-06 
535 2.864935e-06 2.264377e-06 1.333712e-05 2.159631e-06 7.82272e-06 
536 5.231634e-06 3.958901e-06 1.323845e-05 3.69433e-05 9.00264e-06 
537 7.86092e-06 0.000405161 2.620764e-06 3.326826e-06 5.52738e-06 
538 1.230898e-05 0.0001005322 8.309705e-06 1.233072e-06 3.610856e-06 
539 4.129534e-06 3.67351e-05 2.052568e-06 1.351194e-05 7.71698e-06 
540 3.26413e-06 0.0 1.023842e-05 5.55816e-06 1.32307e-05 
541 8.59871e-06 2.30162e-05 8.57676e-06 6.01101e-05 3.23169e-06 
542 4.987753e-06 0.0 3.845571e-06 0.0 0.0 
543 2.98067e-06 3.47013e-05 1.911543e-05 2.815414e-05 1.961374e-05 
544 4.03032e-06 2.43212e-06 1.689126e-06 6.82245e-06 1.077761e-05 
545 2.231729e-05 5.34971e-06 1.023726e-05 2.837654e-05 3.372568e-05 
546 2.286883e-06 3.30702e-06 0.0 1.000449e-05 6.0617e-05 
547 1.24389e-05 0.0 7.60235e-05 9.6247e-06 2.621847e-06 
548 1.653638e-06 2.37066e-06 9.88439e-06 0.0 1.688476e-05 
549 1.874805e-06 3.18646e-06 0.0 4.89335e-06 2.035204e-06 
550 3.998985e-05 6.80147e-06 1.5149e-05 8.25463e-06 7.68174e-06 
551 0.0 5.18596e-05 1.573644e-06 0.0 5.26839e-06 
552 2.822038e-05 2.911642e-05 0.0001241484 2.56387e-06 4.03344e-06 
553 1.672873e-05 9.47645e-06 2.315958e-06 3.67351e-05 2.854457e-05 
554 4.22742e-06 3.471543e-05 2.975798e-05 6.15179e-06 0.0 
555 8.17378e-06 3.289814e-06 0.0 4.87316e-06 1.653482e-05 
556 1.221069e-05 4.672352e-06 6.07016e-06 0.00012689959 3.326826e-06 
557 6.0014e-06 6.26638e-06 0.0 2.94656e-06 0.0 
558 2.96539e-06 2.85088e-06 2.206328e-06 6.04795e-06 8.98938e-06 
559 0.0 2.682048e-05 1.975955e-05 2.95956e-06 0.0 
560 0.0 3.741272e-06 0.000393295 3.31895e-06 0.0 
561 0.0 0.0 0.0 0.0 6.59618e-06 
562 0.0 5.09989e-06 1.725311e-05 1.808779e-05 2.26709e-06 
563 0.0001234009 2.126296e-06 2.67749e-06 0.0 4.01454e-06 
564 2.098666e-06 1.200874e-06 0.0 1.586168e-05 8.97333e-06 
565 9.02606e-06 0.0 1.251965e-05 5.510317e-06 4.15529e-06 
566 0.0 1.336926e-05 2.24509e-06 2.47487e-06 0.0 
567 4.86544e-06 0.0 0.0 5.08712e-06 0.0 
568 6.44256e-06 1.269584e-05 0.0 5.09052e-06 0.000409954 
569 0.0 0.0 0.0 0.0 1.32307e-05 
570 5.53824e-06 6.76723e-06 1.290087e-05 0.0 1.909846e-06 
571 3.015913e-06 1.668229e-05 3.768517e-06 5.58917e-06 0.0 
572 2.97645e-05 4.677233e-06 2.323179e-06 0.0 2.70874e-06 
573 0.0 6.46857e-06 5.47381e-06 1.252698e-05 0.0004110695 
574 2.067708e-06 4.23505e-06 0.0 8.16669e-05 2.43035e-05 
575 0.0 0.0 1.069101e-05 0.0 7.22263e-06 
576 0.002051144 3.024289e-05 2.017972e-06 4.0481e-06 2.77903e-06 
577 1.907495e-05 1.688476e-05 5.038448e-05 1.711043e-05 5.16536e-06 
578 8.83089e-06 1.869924e-06 0.0 1.314864e-05 6.3468e-06 
579 2.747925e-06 0.0 2.711354e-06 0.0 0.0001304007 
580 2.204981e-06 4.33351e-06 0.0 1.209841e-05 2.040482e-05 
581 0.0 7.29077e-06 1.00775e-05 2.857268e-05 3.471543e-05 
582 6.1363e-06 1.282493e-05 1.725311e-05 2.37566e-06 2.13946e-05 
583 4.79525e-06 0.000407791 0.0 2.478741e-06 0.0001260768 
584 5.83529e-05 2.12757e-05 1.930298e-05 0.0 5.03309e-05 
585 2.22283e-06 7.78891e-06 5.89089e-06 0.0 5.433004e-06 
586 1.151187e-05 1.539204e-05 1.688001e-05 6.91674e-06 2.336993e-06 
587 1.164307e-05 8.42525e-06 2.74678e-06 2.560599e-06 1.339703e-05 
588 3.79541e-05 3.76854e-06 8.59422e-06 2.26675e-06 1.155213e-05 
589 2.82157e-06 4.43196e-06 0.0 1.648179e-06 1.816834e-06 
590 3.82955e-06 3.17109e-06 0.0 4.57879e-06 2.385196e-05 
591 7.38049e-05 0.0 2.035204e-06 2.188893e-06 2.892503e-06 
592 0.0 3.957174e-05 2.41934e-05 2.085336e-05 1.910115e-05 
593 2.885683e-05 0.0 4.963344e-05 8.61391e-06 1.80396e-05 
594 1.283951e-05 1.150832e-05 3.3134e-06 2.343218e-05 8.03978e-06 
595 0.0 1.890728e-06 0.0 7.09083e-06 0.0 
596 1.881913e-05 1.494165e-05 9.90339e-06 1.940842e-06 0.0 
597 2.250661e-05 1.052787e-05 9.799172e-05 1.688001e-05 4.44605e-06 
598 3.81112e-06 1.131903e-05 0.00013557778 9.0174e-06 0.0 
599 2.413371e-05 1.983987e-05 0.0 0.0 0.0 
600 0.0 7.49221e-06 0.0 6.01125e-05 3.357832e-05 
601 4.732171e-05 8.08354e-05 1.266628e-05 7.20345e-05 0.0 
602 3.20017e-06 1.844761e-05 4.47903e-06 1.33033e-05 0.0 
603 2.533441e-05 1.13323e-05 0.0 2.59065e-06 2.3424e-06 
604 0.000768544 4.13642e-06 1.559894e-05 6.36801e-06 8.78629e-06 
605 1.653482e-05 3.4626e-06 4.61656e-06 1.712496e-05 3.80975e-05 
606 3.02859e-06 4.61656e-06 6.31733e-06 3.878297e-05 2.138299e-05 
607 2.284416e-06 6.55628e-06 4.40358e-05 0.0 2.253129e-05 
608 6.46573e-06 7.14124e-05 5.25735e-06 0.0 3.10036e-06 
609 2.135613e-06 4.034162e-06 5.00361e-06 2.035204e-06 0.0 
610 1.720035e-06 9.64987e-06 0.0 6.37479e-06 6.518446e-06 
611 2.3385e-05 1.171344e-05 1.023842e-05 3.31955e-06 0.0 
612 2.456871e-05 2.6256e-05 0.0 2.095615e-05 1.221069e-05 
613 0.0 5.65786e-06 0.0 3.262181e-06 2.54191e-06 
614 2.943485e-06 1.00775e-05 4.42112e-06 5.6631e-05 0.0 
615 1.635016e-06 7.24849e-06 3.32699e-06 2.040482e-05 6.16005e-06 
616 3.23812e-06 1.992027e-06 1.653482e-05 7.82272e-06 8.95566e-06 
617 3.97138e-06 0.0 6.99711e-06 0.00040713409 3.65559e-05 
618 3.501547e-06 0.0 2.90736e-06 2.36848e-06 0.0 
619 1.005524e-05 0.0 8.15997e-06 0.0 0.0 
620 2.72563e-05 5.43476e-06 1.59202e-05 3.03396e-05 4.59223e-05 
621 3.57139e-05 0.0001397977 0.0 0.0 0.0 
622 1.198567e-05 2.125776e-05 7.27838e-06 5.90004e-05 1.851166e-06 
623 1.163465e-05 5.27867e-06 0.0 0.0 2.260481e-06 
624 2.155647e-06 0.0 0.000784304 9.8962e-06 1.054868e-05 
625 0.000281165 0.0 1.242165e-05 5.91193e-06 0.0 
626 0.0 2.923275e-06 1.223462e-06 4.80048e-06 0.0 
627 6.89689e-06 7.44538e-06 3.013915e-06 0.000787208 2.362022e-06 
628 2.84698e-05 9.799172e-05 8.42525e-06 1.01305e-05 9.88484e-06 
629 3.161155e-05 5.91547e-05 2.576794e-05 8.02673e-05 4.9903e-06 
630 2.910627e-06 0.0 0.0 0.0 5.74105e-05 
631 3.67351e-05 9.51216e-05 6.85105e-05 0.0002726726 1.852665e-05 
632 0.0 0.0 2.171069e-06 1.095935e-05 0.0 
633 2.68395e-06 5.073167e-06 6.69241e-06 2.910627e-06 6.34969e-05 
634 1.728039e-05 2.310469e-05 3.73397e-05 4.075935e-06 0.0 
635 0.0 6.99635e-06 6.43847e-06 6.7141e-06 2.373735e-06 
636 6.79276e-06 0.0 0.0002973711 1.706231e-06 4.82762e-05 
637 2.4641e-05 7.70357e-05 3.23827e-05 0.0 3.1327e-05 
638 0.0 0.0 0.0 3.58437e-06 8.67107e-05 
639 4.17541e-06 0.0 1.722798e-06 2.873043e-06 0.00143534 
640 1.634243e-06 0.0001260768 6.193781e-06 2.587971e-06 2.150253e-06 
641 1.138881e-05 1.368597e-05 9.62477e-06 2.96591e-06 0.0001174234 
642 0.0 8.11954e-06 1.410755e-06 4.016694e-05 4.72648e-05 
643 6.56372e-06 1.404477e-05 1.4194929e-05 2.63923e-06 5.11111e-06 
644 0.0 1.091402e-05 0.0 2.622023e-06 0.0 
645 5.038448e-05 0.0 4.87316e-06 1.381169e-05 9.55238e-06 
646 1.653482e-05 3.56983e-06 2.467766e-05 1.864722e-06 2.73121e-05 
647 0.0 5.33089e-05 1.0717448e-05 0.0 0.0 
648 1.031681e-05 9.92222e-06 6.8152e-06 0.0001545818 1.531119e-06 
649 6.76253e-06 9.00297e-06 4.19003e-05 3.16886e-05 8.04076e-06 
650 2.49366e-06 2.6256e-05 6.03781e-06 2.05845e-05 1.333712e-05 
651 1.15759e-05 8.2604e-05 0.0001397977 6.579146e-06 9.52318e-05 
652 5.324748e-05 2.063623e-05 4.872891e-05 4.036565e-05 3.998985e-05 
653 2.619915e-06 0.0 0.0001141847 0.0 1.160501e-05 
654 1.430288e-05 1.793826e-06 9.95131e-06 2.97941e-06 0.0001141847 
655 0.0 0.0 0.0 2.122278e-06 7.73461e-06 
656 6.84179e-06 4.70604e-06 2.238022e-05 0.000851658 2.169165e-05 
657 1.686641e-05 7.9952e-06 4.08739e-06 0.0 6.32453e-06 
658 0.0 0.0 3.76854e-06 3.401206e-06 2.66518e-06 
659 0.0001425673 0.0 8.42552e-06 8.02123e-06 1.151355e-05 
660 1.600965e-06 0.0 1.000449e-05 2.31982e-06 4.90361e-06 
661 0.0002235065 0.0 4.74012e-06 4.42112e-06 3.83995e-06 
662 2.19989e-05 2.398039e-06 0.0 5.97132e-06 0.0 
663 2.052568e-06 3.59728e-06 1.874805e-06 1.681222e-05 9.60562e-06 
664 2.70885e-06 0.0 5.49559e-06 3.864811e-05 3.847644e-06 
665 0.0 1.675222e-05 0.0 2.052568e-06 1.650165e-06 
666 5.79713e-06 6.18877e-06 5.96232e-06 1.541197e-05 1.010347e-05 
667 2.366233e-05 0.0 1.154054e-05 1.688001e-05 2.30222e-06 
668 2.91908e-05 3.23132e-06 1.214738e-06 0.0 2.62783e-06 
669 3.97629e-06 1.718296e-06 4.393035e-07 1.925277e-05 4.135854e-06 
670 3.25852e-06 0.0 2.48744e-06 2.719937e-06 2.219199e-05 
671 0.0 4.085699e-05 2.35148e-06 0.0 1.496587e-05 
672 8.5935e-05 0.0 9.52388e-06 2.314287e-06 1.859007e-05 
673 1.768871e-06 0.0 1.531119e-06 2.749693e-06 6.8152e-06 
674 3.64832e-06 0.0 0.0 8.98938e-06 2.025677e-06 
675 3.151814e-05 2.560599e-06 2.018384e-06 4.177773e-06 2.569726e-06 
676 0.0001534305 6.61578e-06 1.372242e-05 5.77232e-06 0.0 
677 9.02042e-06 0.0 5.94837e-05 1.052787e-05 2.508277e-05 
678 3.0018625e-05 7.2606e-06 2.362324e-06 1.2626266e-05 0.0 
679 6.69241e-06 0.000575281 6.51869e-06 3.5304e-05 2.70336e-06 
680 3.65559e-05 0.0 0.00035655 0.0 3.30975e-05 
681 5.07942e-05 6.94843e-05 1.2409e-06 0.000553676 0.000926314 
682 2.93538e-06 1.599109e-05 1.63886e-05 8.02673e-05 0.0 
683 0.000162588 1.390384e-05 0.0 0.0 2.84803e-06 
684 5.13084e-06 4.80525e-05 6.53292e-06 6.80824e-06 1.33348e-06 
685 0.0 9.82845e-06 9.90339e-06 2.72512e-06 6.35815e-06 
686 1.839458e-06 9.37671e-06 5.65603e-06 4.635029e-06 5.23045e-06 
687 2.713897e-06 1.016634e-05 2.339805e-06 3.879584e-06 1.844761e-05 
688 6.15722e-06 3.29363e-05 8.36609e-05 4.00519e-06 8.8377e-06 
689 0.000851658 3.93576e-05 1.9345314e-05 0.0002442377 2.91976e-06 
690 3.257714e-06 7.74693e-06 1.95331e-06 6.041214e-05 1.570392e-05 
691 6.67362e-05 3.223589e-05 5.91976e-06 9.44216e-06 6.48551e-05 
692 0.0 5.50248e-06 1.2626266e-05 8.23663e-06 1.764792e-05 
693 4.40358e-05 0.0 5.95239e-05 0.0 1.58638e-06 
694 1.390384e-05 8.77957e-06 0.0 1.005365e-05 0.000224622 
695 1.507017e-05 0.0 0.0 0.0 7.79374e-06 
696 0.0 0.0 8.23663e-06 5.58917e-06 1.091402e-05 
697 2.508989e-06 2.312384e-06 1.504033e-05 1.179858e-05 1.449467e-05 
698 2.92087e-06 6.81153e-06 0.0 1.171344e-05 9.18573e-06 
699 4.99881e-05 0.0 1.559894e-05 4.15296e-06 2.88158e-05 
700 0.0 3.80338e-06 0.0 0.0 4.530616e-06 
701 0.0 9.17381e-05 1.023206e-05 5.33089e-05 7.41612e-06 
702 4.38625e-06 0.00039996408 0.003471444 5.617577e-06 5.881445e-05 
703 2.393769e-06 5.28512e-06 2.7171e-06 0.0 1.328988e-05 
704 2.93873e-05 2.297921e-05 0.000575281 7.97806e-05 2.391999e-05 
705 0.0 0.0 4.63603e-06 0.0 6.01071e-06 
706 0.000556683 3.445048e-05 0.0 2.0142953e-05 0.0 
707 0.0 2.086375e-05 1.22764e-06 4.63603e-06 1.02984e-05 
708 0.0 7.46908e-06 4.57879e-06 3.013915e-06 0.0 
709 2.533456e-05 0.0 0.0 1.529647e-06 2.895361e-06 
710 0.0 0.0 5.36945e-05 0.0 0.0 
711 7.55526e-06 0.0 5.48734e-05 8.25801e-05 0.00032055 
712 0.000509314 1.679013e-05 3.401206e-06 0.0001205741 5.057491e-06 
713 0.0 2.27977e-06 2.858651e-05 1.108969e-05 0.0 
714 0.0 3.675392e-06 0.000123518 9.52318e-05 1.095527e-05 
715 4.0871e-06 4.69929e-06 0.0 3.31955e-06 1.511931e-05 
716 9.51216e-05 0.0 3.136e-06 0.0 5.81625e-05 
717 8.41982e-06 1.387346e-05 3.353412e-05 2.52775e-06 1.462078e-05 
718 1.204355e-05 2.99933e-06 0.0 0.0 4.19008e-06 
719 1.653322e-06 0.0 2.31982e-06 6.85868e-06 0.0 
720 1.99773e-06 0.0 1.823358e-06 0.0 3.682266e-06 
721 1.766827e-05 5.94837e-05 2.81579e-06 2.569726e-06 0.0 
722 0.0 0.0 0.0 0.0 4.85309e-06 
723 6.79276e-06 1.796958e-05 1.944485e-05 2.134774e-06 0.0 
724 0.000543433 7.90145e-06 2.857268e-05 0.0 1.413561e-05 
725 4.058028e-06 1.141934e-05 3.77672e-05 3.04801e-06 5.21008e-06 
726 9.7225e-06 1.586168e-05 1.737709e-05 0.0002235065 5.18233e-05 
727 1.411582e-05 4.99881e-05 1.941935e-05 0.0 6.43274e-06 
728 6.20341e-06 2.95956e-06 1.190286e-06 2.19767532e-05 9.36049e-06 
729 0.0001710835 0.0 1.399816e-05 2.112796e-05 0.0 
730 2.136909e-05 0.0 6.52067e-06 0.0 4.69907e-06 
731 3.49292e-06 0.000763351 0.0 5.372741e-06 1.285922e-05 
732 2.522162e-05 2.95956e-06 2.025677e-06 2.455353e-06 1.245384e-05 
733 4.872891e-05 0.0 6.64251e-06 5.65809e-06 9.58569e-06 
734 0.0 4.57133e-06 0.0 2.471994e-06 2.79875e-06 
735 1.254844e-05 0.0 6.72277e-06 0.0 9.88193e-06 
736 1.697882e-05 0.00012591828 7.30926e-06 5.12551e-05 1.149192e-05 
737 9.17389e-06 0.0 4.43765e-06 3.6893e-06 2.456871e-05 
738 1.941935e-05 2.075465e-05 2.022119e-05 0.0 5.21029e-05 
739 5.63933e-06 1.656063e-05 4.547702e-06 3.025144e-05 4.03344e-06 
740 1.513989e-05 8.78987e-06 7.86092e-06 1.095527e-05 4.93525e-06 
741 0.0001221015 4.70337e-05 2.011471e-06 1.721995e-05 4.684079e-06 
742 0.0001356821 9.52318e-05 4.016694e-05 4.641426e-06 0.0 
743 2.104515e-06 3.65559e-05 8.81361e-06 3.52223e-05 4.60306e-05 
744 1.191667e-06 5.306678e-07 2.191627e-06 0.0 1.509672e-05 
745 3.79541e-05 5.1154e-06 4.9855e-05 1.905877e-06 2.607668e-05 
746 0.00022786248 6.99635e-06 1.793826e-06 4.090041e-05 1.404917e-06 
747 2.01974e-05 4.47903e-06 0.0 0.0 4.6652e-06 
748 9.96154e-06 9.114e-06 3.74955e-06 8.7373e-05 0.0 
749 2.47593e-06 1.789364e-06 3.529413e-05 3.29803e-06 0.0 
750 4.03344e-06 0.0 0.0 2.336214e-06 1.368597e-05 
751 3.79653e-06 2.060275e-05 6.53946e-05 0.0 2.85515e-05 
752 7.79413e-06 2.50004e-05 2.72839e-06 1.626043e-05 4.79447e-05 
753 2.264377e-06 1.84365e-06 2.569726e-06 4.177773e-06 8.42525e-06 
754 7.44538e-06 1.50233e-06 1.504033e-05 0.0 0.00023472236 
755 3.67704e-05 6.83128e-05 0.0 1.196713e-05 2.047939e-06 
756 3.51071e-05 2.31147e-05 3.002979e-05 0.0001710835 4.109179e-06 
757 1.528522e-06 2.384952e-05 1.677457e-06 2.72949e-05 2.115973e-05 
758 1.033056e-05 0.0 1.743484e-06 1.613232e-06 2.923275e-06 
759 2.533456e-05 1.158973e-05 1.653482e-05 0.0 0.0 
760 0.0 0.0 1.503817e-05 2.482336e-06 2.088765e-06 
761 0.0 9.35122e-06 2.80103e-06 0.0 3.46716e-06 
762 2.481553e-05 0.0001710968 2.38622e-06 3.0756e-05 0.0 
763 0.0 3.44878e-05 0.00013557778 2.89547e-06 1.573644e-06 
764 2.452329e-05 9.23704e-06 7.83246e-06 0.0 1.86516e-06 
765 3.95138e-06 2.749907e-06 2.71893e-05 2.87275e-05 9.9807e-06 
766 8.01396e-06 3.09356e-06 0.0002124404 5.53824e-06 2.181467e-05 
767 3.81153e-06 0.0 0.0001392125 0.0 3.4626e-06 
768 4.056665e-05 0.0 2.219129e-05 0.0003458086 0.000784304 
769 5.99463e-06 2.83019e-06 0.0001260768 9.82845e-06 4.60306e-05 
770 4.063524e-06 1.613962e-06 1.930298e-05 3.61005e-06 2.500021e-05 
771 0.0 2.84698e-05 5.94837e-05 3.18646e-06 0.0 
772 6.03064e-06 0.0 2.81615e-06 2.056482e-06 5.2177e-06 
773 0.0 0.0 2.25355e-05 2.017972e-06 0.0 
774 8.92761e-05 5.70103e-06 0.0 1.209619e-05 1.938768e-05 
775 1.214278e-05 0.0 5.57121e-06 4.79525e-06 0.0 
776 5.346125e-06 2.61222e-06 0.0001304007 3.81112e-06 0.0 
777 0.0 0.0 0.0 7.36801e-06 0.0 
778 1.741473e-05 6.26974e-06 0.0004060577 0.0001156481 3.4626e-06 
779 2.016576e-06 1.175365e-05 1.479692e-05 2.554847e-06 1.701434e-06 
780 2.37721e-05 2.41297e-06 1.221139e-06 0.0 0.0001273327 
781 2.288583e-05 0.0 0.0 0.0 1.944485e-05 
782 0.0 0.0 3.816631e-05 1.811144e-07 0.0 
783 5.645278e-06 1.149876e-05 2.487751e-06 1.209841e-05 1.857774e-05 
784 3.512108e-06 0.0 2.098595e-05 1.888654e-06 2.365847e-06 
785 1.391482e-05 0.00024429 8.55488e-05 3.59456e-06 1.110367e-05 
786 8.06176e-06 5.87071e-06 0.0 0.0 5.057491e-06 
787 0.0002111512 7.60235e-05 1.900764e-06 2.096732e-05 6.99635e-06 
788 2.182165e-06 9.64663e-06 6.45172e-06 2.3641e-06 1.996285e-05 
789 0.0 4.13642e-06 0.0 3.8962e-06 2.26709e-06 
790 1.939894e-06 4.446e-06 6.24082e-06 0.0 2.376939e-05 
791 4.06032e-06 1.014845e-05 0.000104096 0.0 0.0 
792 0.000430215 2.742182e-05 2.47593e-06 1.000449e-05 3.529413e-05 
793 8.16112e-06 2.769792e-06 0.0 3.103638e-06 0.0 
794 5.18233e-05 1.659943e-05 3.401206e-06 1.194472e-05 2.72563e-05 
795 4.2193e-05 1.760373e-05 2.94656e-06 0.000492705 6.2746e-05 
796 3.51071e-05 6.43274e-06 0.0 0.0 1.932257e-05 
797 7.15206e-06 0.0 1.803364e-06 1.881724e-06 3.471543e-05 
798 6.99635e-06 2.886617e-06 3.328282e-06 5.82259e-06 2.721919e-05 
799 3.59792e-06 3.33156e-06 4.6429e-06 0.0 0.0 
800 0.0 4.5502e-06 0.0 1.199417e-06 0.0 
801 3.279993e-05 1.368597e-05 1.681222e-05 3.035369e-05 0.0 
802 6.94843e-05 3.292623e-05 3.13272e-05 2.998502e-06 0.0 
803 1.368597e-05 0.0015427415 3.836667e-06 1.648179e-06 0.000541265 
804 2.815414e-05 4.1486e-06 5.44155e-06 8.12349e-06 3.97866e-06 
805 6.09153e-05 2.75686e-05 0.0001710835 4.21013e-06 0.0 
806 4.25271e-06 2.36722e-05 1.952953e-05 3.40748e-05 3.07796e-05 
807 2.30695e-06 0.0 4.20768e-05 1.088906e-05 0.0 
808 1.503954e-05 1.62558e-05 0.0 0.0 9.50592e-06 
809 0.0 0.0 3.50106e-06 8.30683e-06 0.0 
810 0.0 7.42361e-06 4.9903e-06 5.97958e-06 1.627757e-06 
811 4.71728e-05 2.5997e-06 0.0 9.34042e-06 2.47715e-06 
812 0.000243014 0.0 0.0 0.0 5.73764e-06 
813 5.46111e-06 3.071052e-05 3.904707e-06 3.81402e-05 5.60262e-06 
814 1.148079e-05 5.50268e-06 2.74889e-06 1.929297e-05 1.245384e-05 
815 0.0 3.25936e-06 0.0 2.895348e-06 1.133107e-05 
816 9.25297e-06 0.0 0.0 1.786546e-06 3.622377e-06 
817 2.546822e-06 4.987753e-06 2.039392e-05 7.28158e-06 5.327663e-06 
818 1.668229e-05 3.889079e-05 5.02963e-05 3.342086e-05 0.0 
819 0.0 6.82245e-06 1.485592e-05 1.544767e-05 3.88938e-06 
820 1.063023e-06 3.5449e-06 2.596852e-05 0.0 2.21698e-06 
821 8.56128e-06 0.0 3.6423e-05 0.0 0.00030060785 
822 1.240568e-05 1.283951e-05 8.47111e-05 3.37773e-05 0.0 
823 5.59867e-06 0.0 0.0 0.0001128389 3.23827e-05 
824 7.46908e-06 2.93226e-06 0.0001824722 8.8028e-06 4.93197e-06 
825 1.245998e-05 2.304503e-06 0.0004394765 2.126057e-06 0.0 
826 4.0481e-06 0.0 0.0 9.62477e-06 1.096197e-05 
827 6.3046e-05 9.6247e-06 1.513989e-05 1.082409e-05 3.071075e-06 
828 0.0001927719 0.0 0.0 1.209841e-05 7.49786e-06 
829 0.0001344552 2.81579e-06 0.0 5.989089e-05 0.0 
830 1.404477e-05 5.16642e-05 2.854457e-05 3.754891e-06 5.64293e-05 
831 0.0 2.71839e-06 1.803364e-06 3.02157e-06 0.0 
832 1.1564131e-05 0.0 4.45307e-06 2.83746e-06 2.26709e-06 
833 0.0 1.453691e-05 5.57124e-06 0.0 2.821038e-06 
834 4.53693e-05 3.67746e-06 2.49366e-06 9.447063e-05 5.09254e-06 
835 2.48386e-05 2.866593e-06 2.12355e-05 7.43863e-06 2.910627e-06 
836 1.659943e-05 2.13946e-05 0.0 8.2828e-06 3.5703e-06 
837 2.707281e-05 0.0 2.68395e-06 9.11259e-06 1.626043e-05 
838 0.0001639621 1.096217e-05 0.0 1.398956e-05 0.0 
839 1.422263e-06 0.0 5.150368e-06 7.71698e-06 1.772205e-05 
840 0.0 3.143245e-05 0.0 1.737696e-05 9.24825e-06 
841 0.0 0.00054647015 3.8765e-06 2.5292e-05 7.53285e-05 
842 3.754891e-06 5.64293e-05 0.0 0.0 8.51026e-05 
843 2.73857e-05 1.07083e-05 8.47027e-05 5.21029e-05 8.7103e-05 
844 1.59202e-05 9.58899e-06 0.0 6.12309e-06 1.064051e-05 
845 9.7225e-06 1.798846e-06 2.25355e-05 0.0 0.0 
846 0.00038071 3.31729e-06 5.26741e-05 1.535442e-05 1.966187e-06 
847 4.96533e-05 3.52517e-06 3.78832e-05 0.0006860453 0.0 
848 6.81718e-06 2.381203e-06 0.0 9.52318e-05 5.945768e-05 
849 3.65559e-05 1.00412e-05 3.97629e-06 9.24288e-06 6.73359e-05 
850 4.97087e-06 1.645179e-05 0.0 5.52603e-06 0.0 
851 2.92888e-06 0.0 0.0 8.18034e-06 0.0 
852 5.20965e-05 1.089554e-05 0.0 4.59109e-05 3.01159e-06 
853 1.137898e-05 0.0 0.0 5.54087e-05 1.961941e-05 
854 1.352857e-06 4.455164e-06 7.18379e-06 2.730465e-06 0.0 
855 1.865878e-06 2.819379e-06 0.0003458086 0.0 4.016694e-05 
856 0.0 0.0 4.93525e-06 0.0 7.38617e-06 
857 5.69036e-06 2.508989e-06 2.6256e-05 9.00297e-06 0.0002851884 
858 2.73372e-06 0.0 2.064246e-06 3.23579e-05 6.094e-06 
859 2.4161e-06 2.910627e-06 1.635016e-06 0.0 3.013056e-05 
860 8.081279e-06 0.0 0.0 0.0 3.92243e-06 
861 3.846112e-05 3.65276e-05 0.002051144 3.253419e-05 1.747798e-06 
862 1.019072e-05 0.0 0.0 1.241902e-05 5.711831e-06 
863 6.54758e-06 5.372741e-06 0.000302879 5.15866e-05 1.101912e-05 
864 3.59456e-06 0.0 8.25801e-05 0.0 1.554075e-05 
865 0.0 4.53457e-05 2.950966e-06 0.0 0.0 
866 6.96673e-06 0.001907777 0.0 6.62542e-05 0.0 
867 0.0002235065 8.22748e-06 0.00168534 3.53061e-05 4.732171e-05 
868 3.78832e-05 0.0 2.25071e-05 3.11008e-05 1.07891e-05 
869 9.30807e-06 2.470538e-05 6.10682e-05 5.54087e-05 3.38267e-05 
870 5.484036e-06 1.50734e-05 0.0 1.676428e-06 2.275586e-06 
871 2.72563e-05 5.11111e-06 3.10486e-06 3.23857e-06 2.682048e-05 
872 2.199788e-05 1.016948e-05 2.82254e-06 9.45929e-06 2.66492e-06 
873 6.83128e-05 1.196713e-05 1.223177e-05 0.0 5.24968e-06 
874 7.101471e-05 3.340497e-06 7.05584e-06 2.84124e-06 1.730289e-06 
875 0.0 1.826164e-05 4.822014e-05 4.366287e-06 3.888128e-06 
876 9.328212e-05 1.805344e-05 0.0 2.553333e-05 9.6247e-06 
877 1.94932e-05 9.56502e-06 0.0 1.76823e-05 0.0 
878 2.50004e-05 4.52346e-06 0.0 0.000575281 7.29077e-06 
879 4.016694e-05 0.0 1.396722e-05 2.81165e-06 7.439605e-06 
880 2.5292e-05 0.00011306104 1.911543e-05 1.915077e-06 3.91021e-05 
881 2.811137e-06 0.0001005322 3.75853e-06 2.470525e-06 0.0 
882 0.0 1.47561e-06 0.0 1.011624e-05 2.098848e-06 
883 0.0 7.51742e-06 6.26974e-06 4.111575e-06 2.393434e-06 
884 4.774781e-06 2.909651e-06 3.013915e-06 2.03664e-06 1.077761e-05 
885 8.8972e-06 2.901295e-05 4.42738e-05 1.32307e-05 0.0 
886 3.65279e-06 1.250269e-06 1.28569e-05 1.827269e-05 5.50574e-05 
887 3.00725e-06 1.2338502e-05 3.04801e-06 4.058028e-06 5.67925e-05 
888 4.12817e-06 0.0001710835 0.0 0.0 4.96533e-05 
889 4.38849e-05 9.88484e-06 6.0616e-06 7.79246e-06 1.596269e-06 
890 5.43476e-06 0.0 2.86623e-05 2.074264e-06 0.0 
891 4.79525e-06 0.0 2.571002e-06 6.98717e-06 3.18783e-05 
892 0.0 8.98938e-06 9.81332e-06 0.0 1.069101e-05 
893 4.24129e-06 5.44196e-06 0.0 1.50224065e-07 4.156659e-06 
894 6.575036e-06 3.25936e-06 8.16641e-06 3.272346e-06 2.499344e-06 
895 1.413561e-05 3.22569e-05 6.42986e-05 0.0 0.000816383 
896 1.658295e-06 2.322265e-05 6.97511e-06 0.0 4.91049e-06 
897 1.214278e-05 2.5216e-06 3.138619e-06 4.64956e-06 3.137608e-05 
898 3.740018e-06 2.841681e-06 1.149876e-05 7.53968e-06 8.77323e-06 
899 0.0 0.0 0.0 2.206747e-06 5.17878e-06 
900 5.94384e-06 1.540675e-05 1.709747e-06 1.790354e-06 2.333166e-06 
901 0.0 5.945768e-05 1.107472e-05 4.38641e-06 3.03295e-05 
902 1.078672e-05 3.47995e-05 5.66018e-05 0.0 1.760773e-05 
903 0.0 1.5156e-06 3.14486e-06 5.184e-06 6.643757e-06 
904 2.39775e-05 3.015913e-06 0.0 0.0 2.166047e-06 
905 4.107699e-06 0.0 0.0 0.0 0.0 
906 8.09732e-06 1.652993e-05 7.26419e-06 1.599154e-05 0.0 
907 7.31983e-05 0.0 2.554847e-06 0.0 1.390384e-05 
908 3.05125e-05 1.20344e-05 0.0 6.75519e-06 1.00775e-05 
909 1.092772e-05 1.792631e-05 1.046865e-05 1.981441e-05 1.253283e-05 
910 9.17389e-06 6.97993e-06 0.0 8.30683e-06 2.43035e-05 
911 0.0 1.350396e-05 7.83158e-06 2.63923e-06 0.0 
912 1.741473e-05 0.0 0.0002419646 0.0 1.838497e-06 
913 1.13323e-05 2.35641e-05 0.0 3.0548e-06 6.60677e-06 
914 1.588911e-06 1.350885e-06 5.70103e-06 0.0 2.384534e-05 
915 1.069101e-05 2.34783e-06 2.235294e-06 1.619576e-05 0.0 
916 1.827177e-05 2.522162e-05 2.408415e-06 0.0 1.13114e-05 
917 3.293268e-06 8.04236e-06 5.00067e-05 0.000393295 4.111575e-06 
918 1.93727e-06 0.0 8.37417e-06 1.036194e-05 0.0001002934 
919 0.0 0.0001545818 5.711831e-06 6.56453e-06 4.177773e-06 
920 4.6729e-06 9.89632e-06 1.063023e-06 1.1011e-05 8.54223e-06 
921 0.0001947385 4.42517e-05 2.737491e-05 1.295913e-05 5.97958e-06 
922 0.0 0.0 1.942263e-06 7.79022e-06 0.0 
923 1.592614e-05 3.231788e-06 2.498603e-06 1.032523e-05 0.0 
924 0.0 1.405195e-05 8.25801e-05 0.0 4.82907e-06 
925 1.669549e-06 1.069101e-05 3.920681e-05 2.34256e-06 4.6429e-06 
926 3.332478e-06 1.152485e-06 2.095615e-05 1.796958e-05 7.21007e-06 
927 0.0 0.0 2.461751e-06 0.0 3.904707e-06 
928 8.11901e-05 6.66981e-06 3.313353e-05 0.000787208 1.357751e-05 
929 2.495656e-06 2.060275e-05 5.63251e-06 0.0 3.268071e-05 
930 1.92888e-06 0.0 1.879218e-05 3.97612e-06 6.99635e-06 
931 2.14562e-05 1.245664e-05 2.409219e-06 2.052837e-05 2.243344e-06 
932 2.417249e-06 1.413561e-05 0.0 2.77739e-06 0.0001579001 
933 1.928997e-05 7.6974e-06 2.549058e-06 1.396722e-05 1.870285e-05 
934 0.0 5.91547e-05 5.00361e-06 2.576794e-05 0.0 
935 2.398039e-06 9.48792e-06 6.31271e-06 6.95468e-06 2.64806e-06 
936 1.58133e-06 4.42112e-06 1.544767e-05 0.0 5.55419e-06 
937 0.0 1.5268e-05 0.0 0.0 1.198897e-05 
938 4.91049e-06 6.74519e-05 2.102679e-06 1.4215e-05 0.0 
939 0.0001249927 1.890677e-06 2.25736e-05 1.798781e-05 7.5951e-07 
940 0.0 0.000393295 3.49448e-06 8.11901e-05 0.0 
941 0.0 3.14549e-06 0.0 0.0 2.89516e-06 
942 0.0 2.971933e-05 7.19138e-06 0.000845775 3.35074e-06 
943 8.92867e-06 2.719089e-06 3.08477e-06 0.0 5.54334e-06 
944 0.000112424 2.181467e-05 3.59573e-06 0.0 3.54189e-06 
945 1.029023e-05 9.39582e-06 2.353888e-06 4.03344e-06 1.584047e-05 
946 5.272834e-06 0.0 5.23712e-05 3.95111e-06 1.620812e-05 
947 1.566959e-05 3.074541e-06 2.66492e-06 4.76342e-06 2.721919e-05 
948 0.0 0.000527156 6.97993e-06 1.05878e-05 7.49786e-06 
949 2.9587e-05 1.026337e-05 0.0 8.02123e-06 5.31518e-06 
950 0.0 1.733946e-06 0.0001249927 0.0001268623 4.21106e-05 
951 0.0 1.205321e-05 0.0 2.300127e-06 0.0 
952 2.075319e-06 5.4026e-06 0.0 0.0 0.0 
953 2.441389e-05 4.876238e-06 3.09356e-06 5.05945e-05 2.516514e-05 
954 1.368597e-05 2.34256e-06 2.99664e-05 1.091402e-05 3.74176e-06 
955 9.63605e-06 5.52194e-06 5.33092e-06 7.49221e-06 0.0 
956 2.6665e-06 0.0 5.24569e-06 5.6489e-05 6.05698e-06 
957 0.0 2.481553e-05 9.18291e-06 1.413561e-05 0.0 
958 3.80975e-05 2.312588e-06 2.264377e-06 4.70604e-06 0.0 
959 8.77904e-06 0.0 1.621209e-06 8.18769e-06 0.0 
960 1.372242e-05 1.483329e-05 1.246798e-05 1.584825e-06 1.229995e-05 
961 4.1027e-06 9.62723e-05 1.470538e-05 2.575665e-05 1.59202e-05 
962 0.0 8.45637e-06 3.013056e-05 3.81112e-06 0.0 
963 0.0 1.419472e-05 4.27554e-06 0.0 4.17847e-06 
964 2.386912e-06 3.381292e-05 2.135283e-05 0.0 7.33009e-06 
965 0.0 1.653322e-06 6.61964e-06 8.58655e-06 9.34042e-06 
966 0.0 4.03344e-06 0.0 1.1312e-05 2.040482e-05 
967 1.653638e-06 2.92596e-06 0.0 1.339703e-05 4.036565e-05 
968 4.36667e-06 1.518027e-05 4.96533e-05 6.36024e-06 2.76278e-06 
969 3.754891e-06 8.51998e-06 2.591163e-05 6.33352e-06 2.4784e-06 
970 2.024104e-06 4.783751e-05 0.0 1.790354e-06 3.019824e-05 
971 1.079814e-05 1.108969e-05 1.559894e-05 1.414599e-05 6.43274e-06 
972 5.18647e-06 9.911995e-06 5.617577e-06 1.588911e-06 0.0 
973 0.0 4.62006e-05 1.599109e-05 0.0 0.0 
974 6.42986e-05 4.9903e-06 2.2574e-05 1.414353e-05 0.0 
975 9.96297e-06 0.000787208 1.857159e-05 1.909846e-06 3.47517e-06 
976 3.0424822e-06 0.0 1.245664e-05 0.0 2.086375e-05 
977 1.339016e-05 5.95436e-06 0.0 8.9754e-06 2.68852e-05 
978 4.998401e-06 2.73722e-06 4.054474e-06 1.245619e-05 0.0001615223 
979 2.025677e-06 2.914154e-05 2.05187e-05 5.80328e-05 4.58116e-05 
980 0.0 7.25801e-06 1.095527e-05 0.0 1.095935e-05 
981 1.582129e-05 2.199788e-05 6.8152e-06 2.322265e-05 3.83208e-06 
982 0.0 3.96017e-06 2.554847e-06 0.0 0.0 
983 4.51523e-05 5.34035e-05 4.06032e-06 6.046971e-06 2.22283e-06 
984 2.288583e-05 0.0 1.737195e-05 3.03295e-05 0.0 
985 7.101471e-05 6.3468e-06 7.12331e-06 8.96146e-05 1.525933e-05 
986 2.340435e-06 2.068508e-06 2.28271e-06 2.65139e-06 6.20003e-06 
987 1.236325e-05 1.499374e-05 0.0 2.7194e-06 2.083627e-05 
988 5.25735e-06 2.14562e-05 5.29371e-05 4.08739e-06 1.001824e-05 
989 1.516494e-05 1.681222e-05 0.00012689959 5.82259e-06 6.52453e-06 
990 2.303336e-05 5.14399e-05 0.0 4.99538e-06 6.0014e-06 
991 9.61752e-06 8.18769e-06 1.032523e-05 6.81153e-06 3.958612e-05 
992 4.49313e-05 5.42294e-05 2.47412e-06 6.00702e-06 1.427539e-05 
993 3.25936e-06 5.21386e-06 1.15761e-05 1.396722e-05 4.63603e-06 
994 3.002979e-05 4.24825e-06 7.27831e-06 2.92866e-05 0.000926314 
995 1.782207e-05 1.70765e-06 0.0 5.669574e-05 3.03295e-05 
996 1.413453e-05 2.502148e-05 2.040958e-06 0.0 1.043215e-05 
997 2.040482e-05 8.56128e-06 0.0 0.0 0.0 
998 6.46573e-06 4.40358e-05 0.0 0.0001824722 4.751616e-05 
999 3.107e-06 6.31801e-06 7.47559e-06 2.4512e-06 2.184712e-06 
1000 8.71199e-05 3.69398e-06 0.0 1.61195e-06 0.0 
1001 6.62542e-05 0.0 0.000678669 3.817754e-06 1.823358e-06 
1002 1.251965e-05 6.8952e-06 5.16024e-06 0.0 4.65346e-06 
1003 0.000764975 0.000543433 2.60552e-05 4.49063e-06 8.7373e-05 
1004 1.389764e-05 7.11507e-06 4.93525e-06 0.0 2.084061e-06 
1005 0.000532927 3.99636e-06 1.857159e-05 0.0 1.903813e-06 
1006 3.817754e-06 2.171644e-06 1.009982e-05 2.140163e-06 0.0 
1007 1.736907e-06 1.65247e-05 4.83102e-06 1.052787e-05 4.38849e-05 
1008 1.844761e-05 2.508277e-05 0.000198137 1.253283e-05 6.17586e-06 
1009 4.96533e-05 7.80812e-05 0.0 0.000851658 0.0 
1010 8.14007e-06 0.000750802 0.0001061865 0.0 5.06917e-06 
1011 3.13747e-06 7.41612e-06 2.9919e-05 3.816631e-05 4.69907e-06 
1012 0.0 0.0 0.0 0.0 9.284135e-05 
1013 2.9548e-06 0.0001263073 3.95583e-06 6.685357e-06 0.0 
1014 1.307147e-05 0.000835544 3.315563e-06 0.000509621 2.582171e-06 
1015 5.31168e-05 3.61687e-06 3.40748e-05 1.55721e-06 2.240634e-06 
1016 3.234594e-06 1.694478e-05 8.20458e-06 3.73861e-06 5.54212e-05 
1017 0.0001240895 4.14097e-06 8.02099e-06 9.5018e-06 0.0 
1018 0.0 0.0 0.0 1.586189e-05 0.0001061865 
1019 3.10009e-05 0.0 1.151187e-05 1.882743e-06 2.692829e-05 
1020 5.58917e-06 2.042753e-06 3.879584e-06 0.0 1.245384e-05 
1021 1.028539e-05 2.25071e-05 3.31092e-06 0.0 8.03389e-06 
1022 1.962408e-05 5.49631e-05 0.0 4.61656e-06 9.5923e-06 
1023 0.0 3.175493e-06 1.416315e-05 2.2574e-05 0.0 
1024 6.89689e-06 1.2016e-05 4.01975e-05 3.93932e-06 4.72639e-06 
1025 0.0002616981 0.0002133713 9.73166e-06 0.0001693935 0.0 
1026 8.255034e-06 0.0 6.041214e-05 5.17878e-06 0.0 
1027 0.000256736 1.816076e-06 0.000379405 7.61315e-06 4.15084e-06 
1028 2.524763e-06 1.653037e-06 1.095527e-05 0.0 7.25801e-06 
1029 3.6977e-06 2.035434e-06 0.0 9.79552e-06 8.2604e-05 
1030 0.0 0.0 0.0 1.069101e-05 0.0 
1031 1.062756e-05 3.079235e-06 1.129603e-05 0.0001304007 2.478741e-06 
1032 4.42112e-06 3.920681e-05 4.16156e-05 0.00168534 4.00479e-05 
1033 2.539841e-06 0.0 0.0 0.0 0.0 
1034 3.67704e-05 3.50402e-06 8.56128e-06 2.83019e-06 2.470525e-06 
1035 3.531628e-05 2.69242e-06 0.0 0.0 3.67774e-06 
1036 6.89612e-05 1.7897392e-05 1.525933e-05 1.292418e-05 1.398956e-05 
1037 0.0 3.326826e-06 1.022517e-05 2.333166e-06 2.149097e-06 
1038 7.04985e-05 2.63024e-06 3.960851e-06 1.873517e-06 4.59223e-05 
1039 6.99574e-05 3.3127811e-06 2.360235e-06 6.13763e-06 2.253129e-05 
1040 4.01975e-05 1.164307e-05 2.278428e-05 2.70841e-06 9.43954e-06 
Accuracy: 0.252884615385