1 0.0 2.69776e-06 4.09885e-06 4.16291e-05 3.26396e-05 
2 0.0 0.0 0.0 2.50758e-06 0.0 
3 0.0 0.0 1.3605769999999999e-05 0.0 0.0 
4 0.0 0.0 3.84898e-06 0.0 0.0 
5 3.2857e-06 1.1718040000000001e-05 1.42591e-06 0.0 5.36257e-05 
6 2.44377e-06 2.49992e-06 0.0 0.0 4.21014e-06 
7 0.0 0.0 4.901008e-06 0.0 9.23841e-06 
8 3.08414e-06 2.97786e-05 0.0 0.0 0.0 
9 0.0 0.0 3.63624e-06 0.0 2.55565e-06 
10 3.88579e-06 4.52815e-06 3.2232099999999998e-06 0.0 3.07726e-06 
11 5.27795e-06 5.268289999999999e-06 1.2821419999999999e-05 6.98008e-06 2.85024e-06 
12 4.16402e-06 3.52307e-06 6.374169999999999e-05 0.0 0.0 
13 0.0 2.815164e-05 0.0 0.0 3.71679e-06 
14 1.596135e-05 2.2606930000000002e-06 2.4260500000000003e-06 2.441459e-05 3.397967e-06 
15 3.45465e-06 0.0 1.668374e-05 0.0 1.4173820000000001e-05 
16 5.1295600000000004e-05 3.35897e-06 2.172665e-06 1.992715e-05 8.34751e-06 
17 2.89627e-06 1.164287e-05 3.36919e-06 6.23507e-06 3.9501e-06 
18 0.0 0.0 0.0 2.464421e-06 0.0 
19 4.9746199999999995e-05 9.617450000000001e-05 2.88432e-05 2.7559710000000002e-06 1.547764e-05 
20 1.9698069999999998e-05 0.0 0.0 3.35397e-06 7.19978e-06 
21 8.9288e-06 0.0 0.0 2.49901e-06 0.0 
22 3.02031e-06 7.26413e-06 2.700354e-06 0.0 5.05199e-06 
23 3.9012e-06 0.0 0.0 0.0 0.0 
24 2.45757e-06 0.0 0.0 1.0923157e-05 9.93193e-06 
25 0.0 0.0 7.273549999999999e-06 5.4717000000000005e-06 3.3068000000000003e-06 
26 0.0 0.0 0.0 3.472753e-05 0.0 
27 1.2684660000000001e-05 2.44635e-06 3.5967e-06 0.0 0.0 
28 0.0 4.67894e-06 0.0 0.0 2.55299e-06 
29 1.5911829999999999e-06 2.49992e-06 3.95911e-06 0.0 0.0 
30 3.04093e-06 4.095604e-05 0.0001197526 0.0 3.1280600000000003e-06 
31 2.77725e-06 0.0 0.0 3.38957e-06 0.0 
32 2.781661e-06 2.135928e-06 2.84011e-06 0.0 1.1815919e-05 
33 0.0 0.0 4.47747e-06 0.0 0.0 
34 0.0 0.0002695566 1.8211190000000001e-06 4.46753e-06 3.05431e-06 
35 0.0 0.0 0.0 1.53725e-05 0.0 
36 0.0 2.204658e-06 0.0 1.3552389999999998e-05 3.39431e-06 
37 3.4719599999999997e-06 0.0 0.0 0.0 2.23585e-06 
38 0.0 0.0 2.0893359999999998e-06 0.0 0.0 
39 8.89115e-06 3.34016e-06 0.0 0.0 3.83684e-06 
40 2.19292e-06 0.0 2.9192900000000003e-06 0.0 0.0 
41 0.0 0.0 4.496887e-06 0.0 2.118828e-05 
42 0.0 0.0 0.0 0.0 4.47099e-06 
43 4.178960000000001e-06 0.0001217035 4.21732e-06 4.31295e-06 3.80329e-05 
44 2.134948e-06 1.970201e-06 1.570521e-05 7.86575e-06 2.20622e-06 
45 0.0 0.0 0.0 0.0 6.48251e-06 
46 6.5145399999999995e-06 3.9336280000000003e-05 0.0 5.01423e-05 6.212459999999999e-06 
47 4.34837e-06 3.88579e-06 0.0 0.0 4.32598e-06 
48 4.3489899999999995e-06 6.424779999999999e-06 0.0 0.0 0.0 
49 0.0 2.16094e-06 1.424912e-05 0.0 0.0 
50 0.0 3.89803e-06 1.881614e-05 0.000947475 5.86436e-05 
51 2.9386500000000002e-06 0.0 3.46661e-06 8.71699e-06 0.0 
52 0.0 5.05593e-06 3.73218e-06 3.35414e-05 0.0 
53 9.924211e-06 0.0 0.0 2.2193199999999998e-06 9.72417e-06 
54 5.15894e-06 3.3100499999999998e-06 2.74786e-06 2.64995e-06 0.0 
55 0.0 0.0 3.78531e-06 0.0 0.0 
56 0.0 0.0 2.6074200000000004e-06 0.0 0.0 
57 0.0 2.50894e-06 1.1713820000000001e-05 4.78218e-06 0.0 
58 0.0 6.73575e-05 2.542046e-06 0.0 8.74478e-06 
59 0.0 2.40068e-06 6.592752e-06 9.01264e-06 2.9977e-06 
60 0.0 0.0 0.0 4.00688e-06 2.99071e-06 
61 0.0 0.0 4.82814e-06 3.63694e-06 1.2509389999999998e-05 
62 0.0 0.0 4.02584e-06 0.0 2.6710169999999998e-06 
63 0.0 0.0 0.0 0.0 3.48038e-06 
64 2.1959679999999998e-06 2.9975499999999998e-05 3.38136e-06 1.059233e-05 7.08076e-06 
65 3.29008e-06 0.0 0.0 0.0 0.0 
66 6.1993e-06 0.0 2.132006e-06 5.515390000000001e-06 4.57243e-06 
67 6.19109e-06 9.48218e-06 2.71014e-06 0.0 1.1815919e-05 
Accuracy: 0.1044776119402985