0 0 1.28827e-06 2.20205e-06 1.85299e-05 1.68638e-05 
1 0 0 0 1.25044e-06 0 
2 0 0 7.84533e-06 0 0 
3 0 0 1.07968e-06 0 0 
4 1.61228e-06 5.21446e-06 5.67154e-07 0 3.74928e-05 
5 1.22102e-06 1.21848e-06 0 0 2.20061e-06 
6 0 0 6.53098e-07 0 4.62684e-06 
7 1.27298e-06 1.50408e-05 0 0 0 
8 0 0 2.21079e-06 0 1.46966e-06 
9 1.81595e-06 3.35643e-06 1.49637e-06 0 1.46059e-06 
10 2.76707e-06 2.65877e-06 3.61068e-06 4.43157e-06 1.12997e-06 
11 1.93427e-06 1.58514e-06 4.42126e-05 0 0 
12 0 2.44225e-05 0 0 2.6051e-06 
13 1.20948e-05 1.27979e-06 1.3073e-06 1.86062e-05 2.66209e-06 
14 1.38426e-06 0 1.21079e-05 0 6.8082e-06 
15 2.5159e-05 1.39408e-06 7.68985e-07 1.40383e-05 3.55695e-06 
16 1.85737e-06 7.50136e-06 1.27198e-06 3.04508e-06 1.84973e-06 
17 0 0 0 9.75901e-07 0 
18 2.27616e-05 4.55656e-05 1.34909e-05 9.81201e-07 5.46264e-06 
19 1.7023e-05 0 0 1.07605e-06 4.23685e-06 
20 4.83659e-06 0 0 1.07291e-06 0 
21 1.16508e-06 3.56797e-06 6.60964e-07 0 2.97717e-06 
22 1.70415e-06 0 0 0 0 
23 1.07788e-06 0 0 9.90737e-07 6.38736e-06 
24 0 0 4.01937e-06 1.46259e-06 1.45232e-06 
25 0 0 0 8.20603e-06 0 
26 6.67031e-06 1.21812e-06 1.55128e-06 0 0 
27 0 2.3112e-06 0 0 1.09579e-06 
28 7.44873e-07 1.21848e-06 2.19596e-06 0 0 
29 1.35348e-06 6.39894e-06 4.30376e-05 0 1.38131e-06 
30 1.25717e-06 0 0 1.5662e-06 0 
31 7.33751e-07 1.41374e-06 1.31015e-06 0 6.67919e-07 
32 0 0 2.27185e-06 0 0 
33 0 0.000193957 9.11956e-07 1.72777e-06 1.62613e-06 
34 0 0 0 8.02676e-06 0 
35 0 8.52418e-07 0 7.84044e-06 1.56474e-06 
36 1.3338e-06 0 0 0 1.02374e-06 
37 0 0 9.73326e-07 0 0 
38 4.68097e-06 1.02698e-06 0 0 2.06572e-06 
39 1.02816e-06 0 1.51709e-06 0 0 
40 0 0 4.53937e-07 0 7.50288e-06 
41 0 0 0 0 1.89428e-06 
42 2.34332e-06 5.23169e-05 2.06024e-06 1.92473e-06 2.34881e-05 
43 1.26655e-06 7.68611e-07 8.35828e-06 5.04713e-06 1.0226e-06 
44 0 0 0 0 3.13343e-06 
45 2.51143e-06 4.87748e-06 0 1.896e-05 1.51244e-06 
46 2.39055e-06 1.81595e-06 0 0 1.87337e-06 
47 1.89833e-06 1.87432e-06 0 0 0 
48 0 1.04373e-06 7.6613e-06 0 0 
49 0 7.7911e-07 1.11278e-05 0.000519095 2.06097e-05 
50 1.18924e-06 0 1.81815e-06 2.92886e-06 0 
51 0 3.03123e-06 2.29759e-06 1.37721e-05 0 
52 4.94951e-07 0 0 1.16129e-06 6.49519e-06 
53 2.613e-06 1.77583e-06 1.42917e-06 1.16236e-06 0 
54 0 0 1.18166e-06 0 0 
55 0 0 1.28231e-06 0 0 
56 0 1.25498e-06 6.19104e-06 2.70434e-06 0 
57 0 4.82965e-05 8.12376e-07 0 5.23929e-06 
58 0 1.36666e-06 5.80552e-07 5.29046e-06 1.35671e-06 
59 0 0 0 1.79775e-06 1.3176e-06 
60 0 0 2.07556e-06 1.29281e-06 4.05374e-06 
61 0 0 1.77287e-06 0 1.73991e-06 
62 0 0 0 0 1.0773e-06 
63 1.24358e-06 1.67585e-05 2.13881e-06 8.3914e-06 2.57109e-06 
64 1.65934e-06 0 0 0 0 
65 3.7469e-06 0 1.22697e-06 3.13594e-06 2.7141e-06 
66 2.49203e-06 2.16571e-06 1.60463e-06 0 6.67919e-07 

Accuracy: 0.11940298507462686