0 2.07879e-06 2.8106e-07 1.42885e-06 3.22289e-07 2.11392e-06 
1 9.91053e-06 0.000170813 2.86555e-07 8.4149e-05 8.27754e-07 
2 3.08557e-06 1.96222e-06 5.20527e-07 7.78131e-07 2.02006e-05 
3 1.66813e-05 3.48658e-05 3.8742e-06 0 0.000381353 
4 3.40806e-07 4.28127e-06 1.2356e-05 0 1.96065e-05 
5 3.98722e-06 3.68975e-06 9.77059e-06 7.76139e-07 0 
6 3.54195e-06 2.97576e-05 4.8212e-05 0 5.88436e-06 
7 7.14975e-06 6.57106e-06 0.000443637 0 8.48547e-07 
8 9.05062e-06 1.05313e-06 2.75114e-06 0 1.56635e-06 
9 4.34362e-06 1.72625e-06 2.68477e-05 4.05272e-06 1.75202e-06 
10 0 0 1.25776e-06 2.73536e-07 3.11893e-06 
11 1.30153e-06 2.85316e-07 0 0 2.0509e-06 
12 2.40636e-07 7.94807e-07 4.35282e-07 0 5.39596e-07 
13 2.9954e-06 7.49606e-07 2.86555e-07 1.90397e-06 3.70342e-06 
14 3.6473e-06 1.03519e-05 2.32444e-05 7.04158e-05 5.12697e-06 
15 3.48658e-05 3.76185e-07 4.69046e-07 2.85696e-06 7.85239e-06 
16 0 0.000435531 0 4.60475e-05 1.96222e-06 
17 4.11752e-05 3.26937e-06 3.83651e-07 4.22697e-06 3.61693e-06 
18 4.41292e-05 3.74311e-06 2.17992e-06 2.50754e-06 2.1552e-06 
19 0 1.36416e-06 3.602e-06 5.18997e-06 0.000405984 
20 4.06312e-06 2.1552e-06 3.08557e-06 3.74311e-06 3.50752e-06 
21 1.29885e-05 4.47365e-07 1.50359e-06 3.23704e-05 4.71647e-07 
22 3.89567e-06 0.000111216 8.35737e-06 0 0 
23 2.96511e-06 0.000704654 1.17621e-07 7.04743e-06 0 
24 2.18877e-05 2.13262e-05 5.02543e-05 5.17553e-05 2.61203e-05 
25 2.3292e-06 1.31409e-06 1.10398e-06 1.67011e-05 0 
26 1.46527e-06 0 1.56449e-06 3.00341e-05 6.61081e-06 
27 0 0 2.805e-06 0 2.67964e-06 
28 1.43275e-07 7.48516e-05 4.93348e-06 6.11922e-06 2.48507e-06 
29 1.88878e-06 2.52614e-06 3.72801e-06 0 2.1152e-06 
30 3.06419e-06 0.000174218 9.35588e-07 1.6882e-06 0 
31 1.19463e-05 3.4187e-05 1.84558e-06 0 0 
32 9.89882e-05 5.06591e-05 8.93571e-06 1.09671e-06 1.98415e-05 
33 1.33548e-06 0 2.50862e-06 6.73476e-07 2.56551e-05 
34 6.9189e-07 3.50388e-05 1.67011e-05 3.5339e-07 1.42734e-06 
35 1.31044e-05 0 1.53512e-07 8.74208e-05 1.32425e-06 
36 0 1.06296e-05 1.80085e-05 6.27842e-06 6.61827e-06 
37 3.78321e-05 7.36931e-07 0 8.84604e-07 1.9893e-07 
38 0 6.47537e-06 4.80984e-06 7.2925e-07 1.9368e-05 
39 0 0 1.5189e-06 0 0 
40 0 6.94923e-07 1.73654e-05 8.83521e-06 3.03085e-07 
41 1.49698e-06 3.60078e-06 0.000125504 3.29032e-06 2.50847e-06 
42 0 6.81966e-07 2.74596e-05 4.22513e-06 0 
43 4.1476e-07 3.24396e-05 5.17996e-06 1.00043e-05 8.98188e-07 
44 8.48859e-06 1.72888e-06 1.04777e-06 0 4.26112e-06 
45 4.83201e-05 1.5802e-06 5.82498e-06 2.15876e-07 1.26094e-05 
46 3.75889e-07 6.11922e-06 6.79578e-07 1.34557e-06 3.02975e-06 
47 6.62202e-06 4.16901e-06 1.43476e-05 2.00273e-06 5.44912e-07 
48 0 1.29265e-06 4.30726e-06 2.46048e-06 0 
49 3.14132e-07 1.29758e-05 5.85785e-06 3.96255e-06 8.0716e-07 
50 5.29237e-07 5.10706e-07 3.86707e-06 0 2.59681e-06 
51 6.42995e-07 7.42255e-07 1.28998e-05 1.41006e-05 3.70905e-06 
52 5.15149e-06 2.8822e-06 2.09044e-05 0 0.00182127 
53 0 4.4998e-06 4.20763e-06 0 0 
54 3.86707e-06 7.05648e-06 9.21446e-05 1.49179e-06 2.52244e-07 
55 0 0 2.9365e-07 1.98878e-06 0.0003863 
56 3.32081e-06 1.7833e-06 7.2925e-07 0 3.79438e-06 
57 3.06804e-07 9.05996e-06 6.41021e-06 3.48454e-07 7.01031e-07 
58 2.09919e-06 6.45471e-07 0 1.61236e-06 0 
59 1.56365e-05 6.56626e-06 5.88336e-07 4.22957e-07 6.92626e-07 
60 0 4.20608e-06 5.82251e-06 4.71783e-05 6.22758e-06 
61 8.70277e-06 2.20338e-06 4.4461e-07 2.78945e-06 4.53272e-06 
62 0 4.69639e-06 2.59474e-06 4.56165e-06 0 
63 1.60096e-05 2.24582e-05 3.42451e-06 1.53025e-06 4.20763e-06 
64 4.28216e-07 0.000363977 1.63936e-06 4.92475e-06 1.87923e-07 
65 0 0 7.98495e-06 5.43229e-05 1.07152e-06 
66 4.15748e-07 6.84025e-07 0 0 0 
67 5.6522e-06 2.77451e-06 2.04372e-06 0 5.02856e-07 
68 1.57503e-05 8.98451e-07 1.61481e-05 1.7161e-06 2.11259e-07 
69 6.74559e-07 3.16973e-06 8.93158e-07 1.02996e-06 4.52714e-07 
70 2.7915e-07 2.36994e-05 6.18691e-07 1.0444e-05 2.45253e-06 
71 4.87582e-06 1.47883e-06 9.222e-06 2.02739e-05 5.22417e-07 
72 0 0 1.42982e-05 3.09698e-07 1.9923e-06 
73 9.8246e-06 7.09966e-07 2.25731e-07 0.000199651 3.28648e-06 
74 1.91325e-05 1.33141e-06 1.31468e-06 1.7579e-07 1.00333e-05 
75 9.53416e-07 5.34642e-06 3.16973e-06 4.34544e-07 3.81734e-06 
76 0.000167868 6.94923e-07 5.08218e-07 0 5.70725e-06 
77 5.23449e-06 0 1.98878e-06 2.92784e-07 4.04564e-07 
78 6.38065e-05 4.64103e-05 3.50388e-05 0 1.20135e-06 
79 8.60105e-06 3.38674e-06 2.79054e-07 1.09058e-06 2.62613e-06 
80 0 3.81367e-06 0 6.88674e-06 8.58802e-07 
81 6.24271e-06 4.78554e-07 3.76185e-07 0 6.444e-06 
82 0 0 2.18749e-06 1.97406e-05 2.40335e-07 
83 2.32444e-05 3.30892e-06 3.19149e-07 7.84161e-05 5.74556e-06 
84 1.16889e-05 2.17067e-05 1.22779e-05 5.90016e-06 0 
85 1.95304e-06 0 6.1513e-06 1.85506e-05 0 
86 0 0 7.14086e-06 2.13435e-05 1.63704e-06 
87 0.00481986 4.39848e-06 0 3.89252e-05 1.21857e-05 
88 0 1.0021e-05 0.000232465 0 0 
89 3.36667e-06 1.35735e-06 9.61858e-07 7.38762e-07 0 
90 6.63092e-07 0 4.53742e-07 0 2.47208e-07 
91 3.15706e-06 2.05728e-06 6.57811e-06 1.79366e-05 0.000253135 
92 0 2.10908e-06 0 2.116e-06 1.41497e-06 
93 1.65567e-05 1.94608e-05 0.000118508 2.88387e-07 8.76173e-07 
94 0 0 8.46168e-06 2.09394e-06 1.54447e-06 
95 7.14562e-07 0 3.76898e-07 2.325e-06 1.35348e-05 
96 4.13452e-06 5.00095e-06 0 1.49478e-06 2.11543e-06 
97 3.58674e-06 2.39759e-06 6.7105e-07 7.72003e-07 2.23011e-06 
98 5.41465e-06 2.52244e-07 0.000167868 1.43476e-05 4.19673e-06 
99 0 0 0 0 1.20497e-06 
100 4.70159e-06 1.36187e-05 1.69233e-05 2.39692e-06 3.29223e-05 
101 2.15299e-06 2.22843e-07 0 2.1471e-05 0 
102 0 1.9477e-06 3.15914e-06 2.1857e-06 5.73686e-06 
103 0 3.83847e-05 5.46943e-07 5.64976e-06 0.000123371 
104 9.99972e-07 1.766e-05 1.51847e-06 6.90989e-06 4.31624e-06 
105 4.72286e-07 0 1.23925e-06 0 2.78866e-06 
106 4.41549e-06 1.64905e-06 2.19348e-06 2.75114e-06 4.06409e-06 
107 1.06624e-06 2.04956e-07 1.31717e-06 1.58966e-06 2.3178e-06 
108 3.98848e-06 1.52719e-06 1.06296e-05 2.76705e-06 7.12735e-06 
109 6.12637e-06 7.91515e-06 1.47875e-06 3.32145e-06 2.83706e-06 
110 1.07192e-06 5.28893e-06 2.86281e-06 6.95845e-07 1.13136e-05 
111 0 2.27151e-06 5.463e-06 6.11151e-06 0.000381353 
112 0 0 1.75536e-06 7.93879e-07 3.03804e-06 
113 0 8.17161e-06 0.000406514 1.67074e-05 9.222e-06 
114 2.32444e-05 2.55878e-05 0 2.16393e-06 1.7579e-07 
115 1.8966e-06 5.2081e-07 1.64185e-06 1.51847e-06 6.6667e-07 
116 5.96623e-07 3.15361e-07 2.27698e-05 1.29588e-06 7.33e-06 
117 0 3.34917e-06 3.44813e-06 7.14086e-06 7.4022e-07 
118 0 3.58927e-07 5.60274e-07 4.33206e-06 1.14977e-06 
119 6.57987e-06 7.4022e-07 2.60528e-06 6.40028e-05 2.41145e-06 
120 5.94016e-07 2.66527e-06 0 3.71476e-06 9.28174e-06 
121 9.8246e-06 0 7.22193e-06 1.16777e-05 1.91325e-05 
122 3.48658e-05 2.61346e-06 0 0 4.26112e-06 
123 3.07331e-07 1.54868e-07 2.03372e-05 5.74807e-07 4.50891e-05 
124 8.57506e-07 0 9.31957e-05 2.93984e-05 4.62186e-06 
125 1.48637e-06 1.99874e-06 0 4.93453e-07 2.88682e-06 
126 2.45088e-05 2.28117e-06 1.55735e-05 1.39417e-06 6.80736e-07 
127 1.09838e-05 5.00789e-06 4.22091e-06 0 6.04059e-05 
128 4.08519e-06 6.32581e-07 6.01518e-06 2.03493e-05 8.61441e-06 
129 4.88966e-06 5.10551e-06 2.82327e-06 0 4.67968e-06 
130 0 2.02122e-06 1.98751e-06 5.54682e-06 0 
131 5.87835e-05 2.17817e-05 0.000309061 0.000615984 3.48328e-06 
132 6.64631e-07 2.57856e-06 2.78945e-06 6.30364e-07 6.79679e-07 
133 0.000335678 1.0334e-07 2.32444e-05 1.44409e-06 5.58078e-07 
134 0 3.19584e-06 3.46576e-06 0 3.97253e-06 
135 4.12498e-05 1.00491e-06 1.38401e-06 4.86472e-06 1.34194e-06 
136 3.67116e-05 0.000157691 3.05097e-06 0 3.82156e-06 
137 6.8212e-06 2.4835e-06 3.04571e-05 4.19524e-07 1.50359e-06 
138 0 1.78585e-06 3.26262e-06 0 4.28188e-07 
139 2.80572e-05 0.000435531 3.63703e-06 1.11333e-06 9.74642e-06 
140 2.07879e-06 1.15212e-05 0.000116547 1.42038e-06 0 
141 0 1.65567e-05 0 1.00234e-06 2.12114e-07 
142 6.11339e-06 0 3.41153e-06 1.3364e-06 0 
143 1.58843e-05 8.68687e-07 3.24943e-05 1.62406e-05 1.95723e-07 
144 3.15269e-06 1.92555e-06 8.67077e-07 0 4.20763e-06 
145 8.64914e-05 5.1001e-06 3.97253e-06 2.3001e-05 2.10684e-06 
146 1.46895e-06 4.22697e-06 0 0 0 
147 1.52719e-06 1.10712e-06 1.86629e-07 4.34765e-07 1.98471e-06 
148 1.98469e-06 2.34518e-06 0 1.80085e-05 0.000114164 
149 2.03556e-06 1.64954e-06 1.08385e-05 0 1.766e-05 
150 7.84161e-05 1.64975e-06 7.83641e-06 1.08293e-05 3.17312e-06 
151 1.63942e-06 3.41846e-06 0 1.09048e-05 0 
152 3.33592e-06 3.77326e-05 4.07526e-06 3.93066e-06 9.0049e-06 
153 0 1.97819e-06 0 6.01518e-06 9.55459e-07 
154 3.11857e-06 6.15168e-06 6.48653e-07 1.92124e-06 4.42368e-07 
155 9.03731e-07 2.08157e-06 2.33417e-05 5.70735e-06 4.20763e-06 
156 5.71877e-06 4.4674e-05 9.43107e-05 0 7.07182e-06 
157 6.59529e-06 2.03493e-05 1.79973e-06 1.82692e-05 2.87191e-06 
158 3.09698e-07 2.55878e-05 0 3.69194e-07 3.98346e-06 
159 6.72424e-07 0.000174218 1.0334e-07 0.000105618 0 
160 4.46775e-05 0 1.81119e-05 8.71711e-07 6.29335e-07 
161 1.6059e-06 3.68326e-05 1.06417e-06 2.41145e-06 5.81543e-06 
162 1.00777e-06 2.02739e-05 0 5.63981e-06 1.96265e-06 
163 0 2.11992e-05 9.99381e-06 5.50548e-06 0 
164 3.03751e-06 2.55424e-07 8.66183e-07 0 5.11024e-06 
165 1.44473e-05 0 0 7.97369e-06 1.20602e-05 
166 1.94822e-06 6.86036e-05 1.58572e-06 5.48411e-06 0.000265355 
167 1.7161e-06 6.74228e-06 0 5.29585e-07 7.32447e-07 
168 8.64914e-05 0 9.80393e-06 1.31887e-05 0.000309061 
169 1.84558e-06 7.83014e-06 0 2.33417e-05 2.22944e-07 
170 1.938e-06 1.47741e-05 0.000135768 1.95357e-06 1.41428e-06 
171 1.47708e-06 3.42456e-06 8.53091e-06 2.9875e-07 7.04158e-05 
172 9.22425e-05 3.7598e-07 6.06823e-07 1.91325e-05 2.2182e-07 
173 0 6.29318e-07 1.28308e-05 3.75149e-06 1.78255e-06 
174 9.03675e-07 1.86549e-05 0 3.56303e-05 7.72681e-06 
175 1.22334e-05 2.63264e-06 1.69005e-05 1.59371e-05 4.73603e-07 
176 6.93995e-06 0 5.74303e-07 1.96067e-06 2.15661e-06 
177 2.03355e-05 0 3.61693e-06 1.49005e-07 1.15344e-06 
178 2.25731e-07 5.36748e-06 1.62406e-05 0 7.83014e-06 
179 1.32589e-06 2.0095e-05 7.07292e-07 4.93348e-06 8.8601e-06 
180 1.13456e-05 1.04866e-06 1.77947e-06 2.25731e-07 9.22425e-05 
181 0 1.1996e-06 0 3.40616e-06 5.30387e-06 
182 0 0 4.45615e-07 1.10136e-05 3.07525e-06 
183 2.54869e-05 6.88272e-06 0 8.22627e-06 2.10684e-06 
184 4.56196e-06 1.67011e-05 3.54769e-05 2.63264e-06 2.00411e-05 
185 2.57783e-05 3.13425e-06 1.41557e-06 4.02339e-06 1.85122e-05 
186 1.6284e-05 0 0 0 6.52918e-07 
187 4.42525e-06 1.99791e-06 0 2.0095e-05 4.80227e-06 
188 6.41021e-06 4.0305e-06 0 9.05996e-06 2.60759e-05 
189 4.81271e-05 0 0.0008256 2.10805e-05 2.61203e-05 
190 0 0.0003863 4.86265e-05 0 7.14975e-06 
191 3.1188e-06 0 5.04939e-06 3.3664e-06 0.000381353 
192 1.57082e-06 7.85178e-07 1.77386e-06 1.82436e-06 4.67179e-06 
193 2.58047e-06 2.06839e-06 9.30637e-06 0 0 
194 1.36817e-05 9.58588e-07 1.07415e-05 1.55735e-05 9.49917e-06 
195 1.31687e-06 1.83602e-06 0 5.39787e-06 1.46527e-06 
196 4.67813e-06 0 0.000125142 1.62843e-05 1.55398e-06 
197 0 5.46432e-07 3.99288e-07 6.30905e-06 0 
198 9.89882e-05 1.10576e-06 3.04571e-05 1.1789e-05 2.484e-07 
199 1.67967e-06 0 1.58249e-06 3.16563e-06 0 
200 8.71775e-05 5.67376e-06 3.47758e-06 0 0 
201 1.07415e-05 2.6563e-06 1.08524e-06 3.96545e-06 3.21198e-06 
202 3.49329e-07 1.58885e-05 1.63524e-05 4.04649e-06 2.14422e-05 
203 6.74228e-06 0 5.23449e-06 3.8025e-06 1.56854e-06 
204 2.33417e-05 5.59578e-06 1.40473e-06 3.16973e-06 1.83487e-06 
205 3.15836e-06 3.21612e-06 4.29671e-06 4.68763e-07 2.91169e-05 
206 5.10588e-07 3.60563e-06 3.72461e-06 0 1.2792e-06 
207 2.94253e-06 1.65567e-05 2.02388e-06 0 9.10052e-07 
208 2.29538e-06 3.32443e-06 3.34744e-05 4.24389e-06 2.31943e-05 
209 1.39977e-05 2.82681e-05 2.05211e-05 2.17067e-05 1.57718e-06 
210 7.35988e-06 0.000107433 2.32455e-05 1.78728e-06 7.14086e-06 
211 4.64886e-06 6.73476e-07 3.33115e-06 1.09038e-05 8.83521e-06 
212 1.52719e-06 2.27698e-05 0 0 0 
213 2.53331e-06 3.6326e-06 8.46168e-06 0 5.55116e-07 
214 6.16349e-07 4.01256e-06 1.35761e-05 8.98188e-07 5.40225e-06 
215 7.78131e-07 2.13452e-06 0 8.42111e-06 0 
216 1.91435e-06 4.37189e-05 1.90648e-05 0 1.4325e-06 
217 0 0 1.23473e-06 9.61787e-05 3.55173e-06 
218 0.000453465 6.37014e-05 2.95985e-06 0 0 
219 1.49497e-05 3.81243e-07 3.36667e-06 2.22843e-07 2.0039e-05 
220 3.24943e-05 5.05888e-07 5.81879e-07 3.05453e-06 3.32196e-06 
221 0.00124837 1.27507e-06 0 2.73323e-05 0 
222 1.96265e-06 1.92555e-06 4.38412e-05 7.7339e-07 0 
223 0 0 1.48894e-06 0.000963991 8.27303e-07 
224 0 2.9533e-06 1.09038e-05 0 3.8025e-06 
225 6.15168e-06 1.29588e-06 1.27416e-07 1.60639e-06 8.60105e-06 
226 5.70208e-06 0 2.7902e-05 2.2182e-07 0 
227 1.97478e-06 8.71775e-05 2.78887e-06 1.60925e-06 1.30668e-06 
228 0 0 5.63981e-06 5.55116e-07 1.72625e-06 
229 0 0.000291109 0 1.39165e-06 7.48516e-05 
230 0 1.19207e-06 1.00527e-05 0 0 
231 0 1.90362e-06 3.03804e-06 1.92133e-05 0 
232 4.947e-07 5.33472e-06 4.58748e-07 1.49427e-06 0 
233 5.68735e-07 0 1.41156e-06 0 3.49404e-06 
234 3.7755e-06 1.57176e-06 1.14383e-07 6.11432e-05 9.39751e-06 
235 3.33592e-06 1.29877e-06 8.5576e-07 2.80515e-05 3.13764e-05 
236 2.21061e-06 3.79004e-06 8.03141e-06 1.53521e-05 0 
237 1.40853e-05 1.04207e-06 1.60639e-06 7.89318e-06 3.70019e-06 
238 2.54916e-06 4.81651e-06 3.46596e-05 4.85403e-05 8.01507e-07 
239 0 1.24337e-06 5.94016e-07 5.29585e-07 1.88448e-06 
240 4.53735e-07 0 5.53585e-06 0 0 
241 3.4342e-07 7.79715e-07 5.8386e-07 1.28308e-05 0 
242 3.42451e-06 3.71248e-06 1.54687e-06 3.9789e-07 7.93879e-07 
243 0 4.71012e-07 0 9.98249e-05 2.1671e-06 
244 1.32829e-06 5.04278e-07 1.29965e-06 4.39699e-05 6.83395e-06 
245 3.81243e-07 5.93867e-07 5.62044e-07 1.49478e-06 8.42084e-06 
246 1.83762e-05 2.67035e-06 2.30335e-07 6.25763e-06 0.000644155 
247 0 1.56898e-06 0 6.66527e-07 1.21265e-05 
248 4.00265e-06 0 0 9.77059e-06 2.54593e-07 
249 8.35737e-06 0 1.60925e-06 0 0 
250 5.4069e-06 7.85542e-06 8.98188e-07 1.15868e-06 2.97738e-06 
251 2.86437e-05 3.26937e-06 0 6.29335e-07 0 
252 1.6123e-06 0 8.12165e-06 5.04607e-06 2.22526e-06 
253 3.89567e-06 1.76572e-05 2.38624e-06 1.44897e-05 0 
254 2.1671e-06 2.77451e-06 0 5.23449e-06 0 
255 0 5.29363e-07 1.51399e-05 4.04564e-07 1.9477e-06 
256 7.07252e-06 0.000370533 4.88976e-06 3.25026e-06 6.57106e-06 
257 3.97133e-07 0 2.11259e-07 3.13425e-06 2.03518e-07 
258 8.98188e-07 2.61356e-06 4.00807e-06 1.59638e-06 3.01453e-06 
259 0.000199803 0 8.83196e-07 9.19327e-07 4.22706e-05 
260 4.48147e-06 2.74596e-05 2.01473e-06 0 8.0716e-07 
261 1.74317e-06 1.72621e-06 0.000191007 6.64631e-06 2.21233e-05 
262 2.55363e-06 0.000335678 0.000515837 3.6011e-07 1.16777e-05 
263 1.0971e-05 1.71373e-06 1.26249e-06 4.95311e-07 4.53251e-05 
264 3.75162e-06 2.03493e-05 1.93273e-06 2.78931e-05 2.9438e-07 
265 1.10746e-05 0 1.14018e-05 9.57317e-07 2.98142e-06 
266 8.76173e-07 5.71877e-06 3.48658e-05 2.51426e-06 0 
267 1.88319e-06 4.58432e-07 7.50262e-06 5.00022e-06 2.33011e-05 
268 0 6.09506e-06 0 5.11638e-07 0 
269 2.3144e-06 6.48097e-06 1.15167e-06 5.35725e-05 1.46662e-06 
270 8.42111e-06 2.33419e-06 0 1.73654e-05 5.06408e-07 
271 0 4.22091e-06 1.1122e-05 5.04243e-06 1.5153e-05 
272 0.000209632 5.15761e-07 0.000202626 0 2.31285e-05 
273 4.97755e-06 0 0 7.40136e-07 7.60233e-05 
274 1.99061e-06 0 6.92201e-06 0 1.15167e-06 
275 2.83973e-06 1.29877e-06 0 2.51904e-06 5.46019e-05 
276 0 2.74281e-06 1.50216e-06 2.63983e-06 1.02422e-05 
277 8.26226e-06 0 1.9992e-06 4.97863e-06 1.35348e-05 
278 1.20289e-06 2.25731e-07 0 0 3.97523e-07 
279 0.000167868 1.20074e-06 0 2.71986e-06 0 
280 1.94006e-06 0 3.39271e-05 2.22336e-06 0 
281 1.87669e-06 4.95461e-05 2.1552e-06 3.36934e-06 2.0095e-05 
282 5.15818e-07 4.42995e-07 2.09315e-06 7.53492e-07 1.09142e-06 
283 6.15168e-06 0 0 7.35988e-06 5.68149e-05 
284 5.63981e-06 1.0462e-06 5.81629e-06 2.45726e-06 0 
285 2.12054e-06 4.11157e-06 1.07568e-06 0 6.80471e-06 
286 2.85098e-07 1.01033e-06 9.31119e-08 5.98235e-06 0 
287 2.2463e-05 6.84025e-07 5.61832e-06 7.16818e-06 6.88272e-06 
288 3.05302e-06 0 1.20056e-05 2.14422e-05 4.39848e-06 
289 2.68892e-05 4.30463e-06 0 0 1.13456e-05 
290 1.72315e-05 2.39329e-06 0 2.18079e-06 4.22091e-06 
291 1.41673e-06 1.69005e-05 0 2.28117e-06 6.12637e-06 
292 1.76572e-05 5.18951e-07 1.46743e-06 3.63703e-06 1.11577e-06 
293 3.9789e-07 2.93907e-07 7.20258e-07 1.41983e-05 0.000120113 
294 4.68787e-06 4.00036e-06 0 1.04793e-05 2.19311e-06 
295 7.88169e-07 0 8.14624e-07 8.07562e-07 5.69614e-05 
296 4.33206e-06 0 2.30726e-06 4.16008e-07 2.12414e-06 
297 2.56551e-05 1.08096e-05 1.01446e-05 2.51743e-05 0 
298 9.43613e-06 9.27602e-07 1.97478e-06 0.000183651 8.70914e-08 
299 1.09659e-05 9.55459e-07 1.46311e-05 0 3.06873e-06 
300 4.01256e-06 0 6.79027e-06 1.27416e-07 1.07065e-05 
301 2.20834e-06 5.87024e-06 1.45353e-06 1.11941e-06 3.30892e-06 
302 4.75097e-07 0 5.0869e-06 3.9557e-07 0 
303 2.36661e-06 2.51525e-07 1.05484e-05 0 1.03668e-05 
304 7.07252e-06 1.35702e-06 1.79653e-06 3.70392e-06 5.04607e-06 
305 1.36823e-06 1.82427e-06 4.86491e-06 1.38971e-05 0 
306 5.99253e-06 0 3.98888e-06 8.84507e-07 7.69325e-06 
307 1.16529e-05 3.71367e-06 5.0869e-06 3.55173e-06 1.40853e-05 
308 1.81657e-05 3.33859e-07 1.95723e-07 1.03668e-05 0.00010989 
309 0 0 4.50317e-06 3.33592e-06 2.77767e-07 
310 3.35976e-06 2.28773e-06 2.04028e-06 2.78866e-06 2.14422e-05 
311 3.41076e-06 6.83104e-07 0 5.91693e-07 3.49396e-06 
312 0 0 2.01289e-06 5.52855e-07 3.3637e-06 
313 2.65847e-06 6.40028e-05 4.39243e-06 3.23704e-05 0 
314 1.05486e-05 0 9.5844e-06 9.13439e-06 5.68598e-06 
315 2.26429e-06 0 0.000167868 0 4.6314e-07 
316 2.52624e-06 3.82156e-06 8.27894e-07 1.08293e-05 9.99837e-07 
317 1.76691e-06 5.70445e-07 9.46857e-07 2.61291e-06 2.51097e-06 
318 3.84249e-06 3.63079e-06 2.94253e-06 2.1552e-06 5.38504e-07 
319 4.46022e-07 1.09659e-05 0 3.62793e-05 2.86322e-06 
320 0 3.52357e-05 5.65931e-06 8.23625e-07 0 
321 9.6479e-07 7.07731e-07 0 1.19875e-06 0 
322 1.53208e-06 7.83641e-06 6.80483e-07 0 1.17977e-05 
323 1.39732e-05 1.43319e-06 1.84825e-05 1.79366e-05 3.50752e-06 
324 1.64374e-06 9.58588e-07 2.26315e-06 1.29196e-06 0 
325 5.22262e-06 0 2.21233e-05 0.000161657 9.4657e-07 
326 2.09633e-05 1.2902e-06 9.02822e-07 8.42036e-07 1.37445e-06 
327 0 3.17312e-06 1.58163e-06 4.23921e-06 1.68492e-05 
328 1.7567e-06 0 2.42304e-06 1.51732e-06 0 
329 3.43569e-05 7.41579e-07 0 0.000110217 6.01518e-06 
330 4.45254e-05 7.16818e-06 2.4835e-06 1.78281e-06 5.11036e-06 
331 7.08571e-07 4.04564e-07 5.76634e-05 0 0 
332 2.24416e-06 3.16069e-06 5.41448e-06 6.22334e-05 0 
333 0 4.16008e-07 0 6.61081e-06 9.61858e-07 
334 0 0 0 8.12768e-06 8.75506e-06 
335 3.36005e-06 3.17697e-05 3.00341e-05 0 0 
336 1.25063e-06 0 0 4.32283e-07 6.69896e-07 
337 0 0 0 1.74448e-06 2.50855e-06 
338 2.60964e-06 7.01875e-06 0 0.000532728 9.6649e-07 
339 2.55141e-07 0.000466748 3.48127e-06 0 0 
340 1.94272e-07 0 6.94325e-07 1.47708e-06 0 
341 5.4069e-06 7.89135e-06 5.9633e-06 4.36291e-06 0 
342 5.18578e-07 9.52284e-07 0 0 1.92085e-05 
343 1.30668e-06 5.82251e-06 1.57813e-06 0 1.7618e-06 
344 1.42982e-05 5.52221e-06 0 7.76782e-06 2.97794e-06 
345 0 2.7902e-05 4.22697e-06 1.38984e-06 2.00851e-06 
346 7.03248e-07 0 3.52489e-07 0 0 
347 2.19311e-06 0 7.11712e-07 2.04372e-06 2.89867e-05 
348 1.33362e-06 3.81345e-06 6.03341e-06 0 2.48538e-06 
349 6.43894e-06 0 4.09902e-06 1.29426e-06 1.44897e-05 
350 0 2.68477e-05 5.36846e-06 1.32611e-06 4.07731e-05 
351 8.49719e-07 2.23645e-06 1.18544e-05 0 3.70905e-06 
352 8.35481e-06 0 0 0 0 
353 3.13764e-05 4.4041e-06 5.68598e-06 1.60096e-05 2.98068e-06 
354 1.87351e-06 2.36937e-06 0 3.22211e-07 0 
355 4.86265e-05 3.34744e-05 0 2.54288e-05 5.47282e-05 
356 0 0 3.68326e-05 4.56737e-07 3.51333e-06 
357 2.325e-06 1.94977e-07 1.00183e-06 4.21826e-06 1.12751e-06 
358 9.96388e-05 0 4.34214e-06 7.29635e-07 8.79817e-06 
359 9.17039e-07 6.24617e-06 0 1.1343e-05 0 
360 5.31031e-06 4.68787e-06 8.75917e-07 2.4835e-06 5.27431e-06 
361 2.27698e-05 3.04591e-05 0 3.46858e-06 8.25749e-05 
362 2.24838e-05 4.56165e-06 3.32381e-07 1.73192e-06 8.93158e-07 
363 6.92218e-05 1.49179e-06 2.70583e-05 5.5906e-06 1.5153e-05 
364 0 2.76705e-06 2.4835e-06 0 1.94537e-06 
365 0 5.35222e-07 4.80587e-07 9.05062e-06 1.10746e-05 
366 1.04777e-06 0 9.72395e-06 3.24396e-05 6.83148e-06 
367 1.07689e-06 1.83128e-06 5.88487e-06 4.947e-07 2.38188e-06 
368 3.50493e-05 2.28919e-07 0.000149813 1.35047e-06 2.5251e-06 
369 4.85786e-07 2.60452e-07 6.47408e-06 0 0 
370 4.48951e-06 0 6.81444e-07 1.37605e-06 2.25731e-07 
371 3.71248e-06 0 1.31522e-06 1.6372e-07 1.0988e-05 
372 2.02739e-05 9.73952e-07 5.0946e-06 0.000202626 0.000335678 
373 5.02336e-06 7.61895e-07 1.97478e-06 5.73031e-06 4.80227e-06 
374 2.40572e-07 3.29517e-07 3.87088e-06 2.03297e-06 8.63901e-06 
375 2.94253e-06 3.23704e-05 1.37156e-05 6.65798e-06 0 
376 0 1.53412e-06 1.34156e-06 0 1.02045e-05 
377 1.29885e-05 2.80019e-05 4.22091e-06 0 1.90789e-06 
378 1.40015e-06 5.81879e-07 0 2.37612e-06 1.17977e-05 
379 2.43404e-06 2.46048e-06 3.85404e-06 3.18242e-06 1.23666e-05 
380 8.85937e-06 7.62399e-05 1.80085e-05 3.36667e-06 2.99033e-06 
381 0 2.9515e-06 6.01518e-06 2.1552e-06 2.15891e-06 
382 0 1.94977e-07 9.44508e-06 7.07731e-07 0 
383 1.89411e-06 2.26702e-06 0 3.19473e-05 1.12751e-06 
384 5.93337e-05 0 6.15574e-06 8.66499e-07 5.78863e-07 
385 7.86063e-06 1.97382e-05 4.67499e-06 5.96687e-06 0 
386 0 9.97693e-07 1.41557e-06 3.68326e-05 3.23704e-05 
387 4.69888e-07 0.000143038 1.6017e-06 1.30031e-06 0 
388 0 0 1.7334e-07 1.19483e-06 2.45227e-07 
389 4.80227e-06 8.04469e-06 0 1.74969e-06 3.63079e-06 
390 4.67179e-06 5.93301e-07 7.23519e-07 1.29941e-06 6.92218e-05 
391 9.88967e-07 1.75472e-06 0 0 1.23192e-06 
392 0 6.61081e-06 2.28529e-06 1.1786e-06 0 
393 1.96755e-06 2.11191e-07 7.16025e-07 3.22211e-07 0 
394 2.48756e-05 2.51778e-05 4.05329e-06 3.58617e-06 4.34544e-07 
395 0 2.60241e-06 0 0.000262312 0 
396 3.14664e-07 0 1.00373e-06 0 1.45988e-06 
397 2.25276e-05 1.3882e-06 1.1584e-06 4.64371e-07 1.64891e-06 
398 2.79839e-06 1.31874e-06 0 0 1.13467e-06 
399 0 5.10706e-07 7.44536e-06 2.89551e-05 1.5894e-05 
400 0 1.90397e-06 2.72299e-07 1.41037e-06 2.14049e-05 
401 1.65567e-05 5.44512e-06 1.15284e-06 3.48454e-07 1.04608e-06 
402 7.86743e-06 6.67758e-06 2.28678e-06 8.54167e-06 1.49248e-05 
403 7.01875e-06 5.61359e-06 2.90629e-06 2.34094e-06 3.78321e-05 
404 2.01047e-07 4.50523e-06 4.09429e-06 2.64721e-05 0 
405 1.53025e-06 3.01467e-07 5.22262e-06 6.08708e-05 3.31242e-07 
406 9.05168e-06 0 7.41753e-06 5.60855e-06 3.71987e-06 
407 9.58588e-07 1.50139e-06 2.07879e-06 1.17928e-05 2.28117e-06 
408 1.27836e-05 1.42106e-06 1.16777e-05 3.76739e-06 6.29748e-07 
409 3.602e-06 0 1.9933e-06 5.22262e-06 1.25006e-06 
410 5.50257e-07 2.09885e-06 3.34521e-07 2.3435e-06 0 
411 1.20446e-05 2.67035e-06 0.000376626 5.48411e-06 5.15818e-07 
412 0 4.07526e-06 3.42451e-06 5.53585e-06 2.40388e-05 
413 7.5181e-07 4.34765e-07 1.26784e-05 2.41145e-06 8.75917e-07 
414 0 1.5153e-05 3.91524e-06 5.20527e-07 0 
415 1.65213e-05 0 5.47282e-05 3.33507e-05 2.33188e-06 
416 2.27464e-06 1.47774e-06 1.88226e-06 4.22355e-07 2.06329e-06 
417 2.73724e-06 0.000269893 3.72741e-06 3.90302e-07 9.23553e-07 
418 8.33491e-07 1.09025e-05 1.56726e-06 0 3.18289e-06 
419 1.65291e-05 9.61787e-05 6.29551e-07 4.42674e-07 2.45796e-05 
420 2.78354e-06 1.91167e-06 4.98369e-06 5.11024e-06 9.22551e-07 
421 6.35835e-06 7.05648e-06 0 1.9676e-06 3.86707e-06 
422 1.03519e-05 4.88966e-06 0 3.96383e-06 3.57091e-06 
423 0 3.34917e-06 2.70583e-05 4.55817e-07 7.03356e-07 
424 0 0 0 2.99542e-06 0 
425 2.81409e-06 8.88369e-07 9.72621e-07 1.02583e-05 3.91237e-05 
426 3.5339e-07 5.46461e-07 1.88319e-06 7.79715e-07 1.67011e-05 
427 1.88119e-05 6.15168e-06 2.87088e-06 7.4002e-06 0 
428 7.88273e-06 0.000711748 1.67292e-06 0.00072978 4.7905e-05 
429 0 4.72718e-06 0 0 0 
430 0 1.45245e-06 3.57292e-06 0 8.38979e-06 
431 6.76504e-07 3.18937e-06 3.76739e-06 2.08159e-05 7.50262e-06 
432 8.94033e-07 4.08303e-05 7.39533e-06 2.14125e-06 3.86924e-07 
433 0 1.02039e-06 7.09966e-07 3.20647e-06 8.69603e-07 
434 3.24396e-05 2.68599e-05 0 1.83867e-07 1.92124e-06 
435 0 0 0 2.15891e-06 7.07548e-06 
436 0 3.01218e-06 3.61969e-07 1.90035e-05 0 
437 9.21446e-05 1.76891e-05 0.000167868 5.11024e-06 3.28452e-06 
438 5.09345e-07 0 5.18951e-07 1.00777e-06 2.80572e-05 
439 3.5398e-07 0 5.73177e-07 0 0 
440 0.000923738 6.61827e-06 1.7146e-06 0 0 
441 3.27614e-07 4.39112e-05 8.22627e-06 4.40861e-07 6.28623e-06 
442 1.52243e-05 2.05731e-06 1.36552e-06 4.53973e-07 1.3979e-06 
443 3.83847e-05 1.73654e-05 2.69151e-07 1.61748e-05 0 
444 4.22515e-06 0 1.35999e-05 0 1.76539e-06 
445 7.14086e-06 0 4.50915e-05 3.68326e-05 8.1412e-05 
446 0 7.54632e-07 1.28195e-06 0 2.26702e-06 
447 2.28117e-06 1.56867e-06 1.10398e-06 1.6254e-06 7.27303e-06 
448 0 0 1.44409e-06 7.85542e-06 4.72529e-05 
449 6.99167e-07 5.24373e-07 5.78104e-07 8.22495e-07 0 
450 9.01986e-07 8.57506e-07 2.37612e-06 1.49703e-07 0 
451 2.54593e-07 5.14459e-05 1.7034e-06 0 3.61755e-05 
452 5.88266e-05 2.2182e-07 0 9.73952e-07 3.88945e-06 
453 2.88387e-07 8.42398e-06 3.34917e-06 2.63951e-07 0 
454 1.08524e-06 2.71609e-06 1.55735e-05 3.11403e-06 1.06922e-05 
455 2.41534e-06 1.72757e-06 5.35983e-07 6.47779e-05 4.33206e-06 
456 3.8177e-06 1.46895e-06 1.46368e-06 2.5565e-06 1.27584e-07 
457 0.000265355 2.11543e-06 1.23867e-05 2.02645e-06 1.29196e-06 
458 1.94333e-06 2.31386e-06 2.9438e-07 9.31737e-06 0 
459 1.37668e-05 0 1.04209e-05 8.89361e-06 1.86549e-05 
460 4.55132e-07 3.95779e-05 4.81516e-07 8.93689e-07 0 
461 3.31242e-07 0 1.77386e-06 1.45753e-05 2.72553e-06 
462 2.06329e-06 0 3.88575e-06 2.33417e-05 4.13452e-06 
463 2.06391e-07 6.27812e-07 0 3.65995e-06 9.27602e-07 
464 6.53897e-06 3.29223e-05 9.43107e-05 6.57106e-06 2.14064e-07 
465 1.65213e-05 9.93405e-07 6.36923e-06 3.56142e-06 0 
466 2.15876e-07 1.13338e-06 6.80481e-07 1.69005e-05 2.08159e-05 
467 0 1.1059e-05 4.27439e-07 1.42554e-05 6.83148e-06 
468 5.6522e-06 2.21317e-06 0 6.70079e-07 3.9375e-07 
469 4.52018e-07 7.12441e-06 5.12724e-07 4.91327e-05 1.16889e-05 
470 1.96065e-05 8.37154e-06 7.12735e-06 0 4.41492e-06 
471 4.83909e-06 2.36994e-05 3.30399e-06 6.11432e-05 6.46039e-05 
472 0 3.06091e-05 0 4.96115e-06 2.21455e-05 
473 3.4342e-07 4.3857e-06 3.86643e-07 3.61693e-06 5.50704e-06 
474 0 3.6509e-05 2.22895e-06 4.03117e-05 9.41778e-08 
475 0 1.78069e-06 1.83602e-06 0.000163606 6.7033e-07 
476 1.90672e-06 1.67292e-06 3.31196e-06 1.28923e-05 7.88273e-06 
477 1.38999e-05 2.38188e-06 1.15192e-05 4.18859e-06 2.11543e-06 
478 1.35964e-05 0 1.70934e-06 1.155e-06 0 
479 4.02752e-06 1.1059e-05 1.26922e-06 6.92201e-06 4.46434e-07 
480 1.29877e-06 2.12181e-06 2.10868e-06 8.26106e-06 6.11524e-06 
481 6.40028e-05 9.45166e-07 3.23655e-06 3.89367e-07 1.16529e-05 
482 2.03069e-06 3.9091e-06 0 3.37607e-06 6.01518e-06 
483 1.68837e-05 4.19355e-06 7.23397e-06 6.92626e-07 0.00010481 
484 2.01541e-06 1.90529e-06 0 5.62424e-05 8.42702e-06 
485 0 7.86063e-06 1.57503e-06 0 1.60096e-05 
486 3.92289e-06 0 1.76345e-07 2.63731e-05 1.30352e-06 
487 0 1.23206e-06 4.4041e-06 0 9.31957e-05 
488 0 2.05211e-05 5.90016e-06 2.17817e-05 1.85152e-06 
489 0 2.03372e-05 4.16174e-07 4.08303e-05 3.30089e-07 
490 0 0 0 1.00043e-05 7.83285e-06 
491 0 6.70605e-07 9.8246e-06 2.08712e-05 6.444e-06 
492 0 6.27812e-07 7.61926e-07 5.93819e-07 2.69308e-07 
493 1.05582e-06 4.03604e-06 2.29538e-06 3.53034e-06 3.32386e-07 
494 0 1.73654e-05 6.65108e-06 5.70479e-06 2.26429e-06 
495 7.47514e-06 0 5.45654e-07 1.30134e-06 2.63983e-06 
496 2.94133e-07 8.47211e-06 2.94424e-05 2.5251e-06 1.19331e-06 
497 2.95828e-07 0 2.68477e-05 5.41448e-06 0 
498 2.73781e-06 4.10931e-07 2.33055e-05 2.18877e-05 4.25797e-06 
499 0.000381353 0 6.36091e-06 1.48854e-05 4.60475e-05 
500 0 1.68805e-05 1.16777e-05 0 2.40572e-07 
501 3.86643e-07 3.4342e-07 1.89965e-05 2.916e-06 3.08758e-06 
502 3.816e-07 1.42367e-06 3.96843e-06 0 1.1059e-05 
503 4.68905e-07 1.9009e-06 7.83014e-06 4.53327e-07 2.12127e-06 
504 5.5418e-07 6.34422e-07 0.000186924 2.26978e-07 0 
505 4.04564e-07 9.27713e-07 4.21826e-06 3.72255e-06 1.26143e-06 
506 0.000167868 1.28998e-05 4.67179e-06 5.93301e-07 2.58254e-06 
507 3.96383e-06 1.37668e-05 1.54869e-05 0 3.32081e-06 
508 2.77043e-06 4.72529e-05 2.5251e-06 3.96255e-06 0.000282423 
509 0.000441126 4.02752e-06 6.27812e-07 6.73476e-07 3.32645e-07 
510 0 1.47708e-06 9.95424e-07 1.95412e-06 1.04133e-06 
511 2.63548e-07 0 3.79156e-07 1.13844e-05 0.000273488 
512 0 8.58525e-07 6.65108e-06 1.94977e-07 0 
513 1.58833e-06 0 0 5.25104e-07 0 
514 6.11432e-05 1.53665e-06 9.72395e-06 2.08159e-05 8.22797e-06 
515 3.42451e-06 0.000175561 0 2.46931e-06 0.000138932 
516 2.28117e-06 4.83201e-05 8.70277e-06 1.52981e-06 5.30449e-06 
517 3.79202e-06 1.9228e-06 1.41147e-06 9.96388e-05 7.23923e-06 
518 3.7598e-07 6.82103e-07 5.42039e-06 0 0 
519 1.51732e-06 1.5153e-05 5.35683e-05 6.62202e-06 1.16529e-05 
520 1.80661e-06 1.62103e-06 2.01473e-06 2.08122e-06 0 
521 3.29223e-05 4.24389e-06 4.75009e-06 5.81057e-06 5.47282e-05 
522 1.08355e-06 0 1.46577e-06 6.81611e-06 6.13956e-07 
523 1.99791e-06 4.69722e-06 2.40085e-06 2.02388e-06 3.122e-07 
524 8.54167e-06 0 7.38815e-05 6.74707e-07 0 
525 1.16984e-06 5.04239e-07 4.11187e-05 0 2.40127e-06 
526 7.4002e-06 0 1.4498e-05 1.25629e-05 3.41112e-06 
527 0 0 0 9.22604e-07 0 
528 1.50267e-05 0 7.83285e-06 1.11577e-06 5.23633e-07 
529 0 3.82742e-06 4.81344e-06 5.15149e-06 0 
530 0 3.6011e-07 0 0 7.57375e-07 
531 2.05891e-05 1.21976e-05 0 1.52918e-05 3.78845e-06 
532 2.49709e-05 2.70354e-05 0 4.87578e-07 1.51432e-06 
533 2.14422e-05 7.04252e-06 1.72715e-05 1.766e-05 1.60645e-06 
534 8.58525e-07 1.94977e-07 6.59529e-06 7.39901e-07 1.40315e-06 
535 5.78104e-07 4.96691e-07 3.06655e-06 1.89965e-05 1.64891e-06 
536 3.35015e-06 0.000174318 8.41564e-07 6.73476e-07 1.78281e-06 
537 1.24778e-06 2.75217e-05 8.16871e-06 1.47002e-07 6.92626e-07 
538 7.17824e-07 2.23376e-05 1.90789e-06 8.22797e-06 2.37612e-06 
539 1.45804e-06 0 6.83395e-06 2.34518e-06 1.05637e-05 
540 4.16232e-06 9.7847e-06 3.54195e-06 2.6059e-05 1.67292e-06 
541 6.82043e-07 0 3.19361e-07 0 0 
542 1.80407e-06 2.36994e-05 6.69163e-06 4.90694e-06 5.86364e-06 
543 1.78682e-06 1.39946e-06 4.07416e-07 2.90629e-06 3.71367e-06 
544 4.67179e-06 3.19584e-06 6.77233e-06 2.45088e-05 6.74518e-06 
545 5.98013e-07 1.77186e-06 0 3.98147e-06 3.67273e-05 
546 6.45274e-06 0 1.16328e-05 4.02752e-06 4.75097e-07 
547 2.26978e-07 3.9375e-07 1.46662e-06 0 3.41076e-06 
548 3.86495e-07 1.56854e-06 0 1.06124e-06 2.52244e-07 
549 5.40225e-06 1.80315e-06 1.09838e-05 2.03079e-06 4.35452e-06 
550 0 3.56826e-05 4.60974e-07 0 1.29196e-06 
551 9.29118e-06 8.42702e-06 5.03958e-05 1.26194e-06 3.5339e-07 
552 2.21013e-06 7.50262e-06 2.06378e-07 2.23376e-05 2.53317e-06 
553 1.30922e-06 2.15413e-06 2.49709e-05 3.92149e-06 0 
554 2.60528e-06 4.50634e-07 0 1.51732e-06 1.1343e-05 
555 1.50359e-06 9.55382e-07 2.22895e-06 2.91459e-06 6.73476e-07 
556 3.48127e-06 3.26491e-06 0 1.87669e-06 0 
557 1.53829e-06 1.20871e-06 1.31698e-06 3.43553e-06 5.18997e-06 
558 0 5.41448e-06 6.61885e-06 1.08524e-06 0 
559 0 8.47142e-07 0.000167868 1.92124e-06 0 
560 0 0 0 0 3.90826e-06 
561 0 1.53412e-06 3.06431e-06 1.15028e-05 6.7033e-07 
562 5.31773e-05 6.77916e-07 1.67809e-06 0 1.79067e-06 
563 4.85786e-07 3.24886e-07 0 2.38188e-06 2.73009e-06 
564 7.98283e-06 0 1.91435e-06 3.58927e-07 2.1513e-06 
565 0 6.02162e-06 8.3363e-07 1.23391e-06 0 
566 3.15581e-06 0 0 1.25112e-06 0 
567 3.23095e-06 4.16502e-06 0 1.96222e-06 0.000110217 
568 0 0 0 0 1.05637e-05 
569 2.772e-06 3.26887e-06 5.99383e-06 0 1.61616e-07 
570 4.93453e-07 1.7579e-07 4.78487e-07 1.9933e-06 0 
571 1.4807e-06 5.21023e-07 9.31409e-07 0 1.48839e-06 
572 0 3.49404e-06 3.54675e-06 7.97369e-06 8.71775e-05 
573 8.02378e-07 1.70826e-06 0 4.8212e-05 1.22972e-05 
574 0 0 6.1542e-06 0 2.01541e-06 
575 0.00161152 1.31409e-06 2.40722e-07 3.70342e-06 1.70804e-06 
576 5.41465e-06 3.41076e-06 8.19678e-06 5.29323e-06 3.39168e-06 
577 3.22382e-06 5.25104e-07 0 7.49099e-06 2.36372e-06 
578 1.49005e-07 0 7.73764e-07 0 4.45067e-05 
579 2.42811e-07 2.35142e-06 0 3.87088e-06 1.17977e-05 
580 0 1.40489e-06 2.55531e-06 1.86549e-05 2.15413e-06 
581 3.19196e-06 5.04413e-06 3.06431e-06 1.6017e-06 1.68398e-05 
582 1.6882e-06 0.000174495 0 9.73991e-07 4.52885e-05 
583 4.12498e-05 1.05699e-05 1.21857e-05 0 1.92085e-05 
584 2.7915e-07 5.6514e-06 4.0237e-06 0 6.36144e-07 
585 4.19828e-06 8.83521e-06 1.11416e-05 3.72222e-06 5.46943e-07 
586 5.81543e-06 3.70905e-06 1.40676e-06 1.58537e-06 8.48859e-06 
587 1.7921e-05 1.92655e-06 3.21455e-06 1.09992e-06 1.82742e-06 
588 1.53198e-06 1.47708e-06 0 4.27589e-07 6.87034e-07 
589 1.87104e-06 1.56581e-06 0 2.33419e-06 2.61346e-06 
590 1.36506e-05 0 2.52244e-07 5.36083e-07 8.44563e-07 
591 0 8.42084e-06 1.18359e-05 6.57106e-06 9.55826e-06 
592 5.77083e-06 0 4.3298e-05 7.4935e-06 3.6686e-06 
593 7.14975e-06 6.05327e-06 1.74515e-06 9.16708e-06 3.12783e-06 
594 0 1.35238e-07 0 2.89328e-06 0 
595 3.96383e-06 3.01435e-06 1.62403e-06 1.19467e-06 0 
596 5.61841e-06 2.325e-06 4.26112e-06 1.11416e-05 2.42446e-06 
597 1.84558e-06 1.60904e-06 3.60078e-06 4.62186e-06 0 
598 1.42285e-05 6.48097e-06 0 0 0 
599 0 5.88487e-06 0 2.33011e-05 7.45312e-06 
600 5.46421e-06 4.56017e-05 3.8565e-06 2.42143e-05 0 
601 2.16433e-06 1.10284e-05 2.50847e-06 4.57653e-06 0 
602 9.32911e-06 5.63981e-06 0 1.39664e-06 1.22472e-06 
603 0.000170493 2.17992e-06 9.72711e-06 4.06409e-06 2.76705e-06 
604 1.1343e-05 1.33083e-06 1.56635e-06 3.49396e-06 2.34016e-05 
605 1.18954e-06 1.56635e-06 4.28574e-06 8.70277e-06 5.80419e-06 
606 5.24736e-07 1.97478e-06 1.26061e-05 0 3.70019e-06 
607 3.629e-06 4.74879e-05 2.44098e-06 0 1.61681e-06 
608 4.33133e-07 7.87452e-07 1.41557e-06 2.52244e-07 0 
609 7.12795e-07 6.25615e-06 0 2.78672e-06 9.70826e-07 
610 1.31518e-05 6.6073e-06 6.83395e-06 1.92538e-06 0 
611 8.93571e-06 1.40853e-05 0 1.53521e-05 1.50359e-06 
612 0 3.08324e-06 0 6.40831e-07 1.26249e-06 
613 6.24755e-07 2.55531e-06 1.68788e-06 4.28504e-05 0 
614 5.55116e-07 2.05731e-06 1.89926e-06 1.17977e-05 2.5251e-06 
615 1.69654e-06 5.20527e-07 1.1343e-05 1.40315e-06 2.39293e-06 
616 3.81734e-06 0 2.10189e-06 0.000401517 1.16777e-05 
617 8.04127e-07 0 1.51769e-06 1.22063e-06 0 
618 1.72625e-06 0 4.93348e-06 0 0 
619 1.67011e-05 2.09919e-06 2.3292e-06 1.59371e-05 1.35348e-05 
620 1.04793e-05 0.000114164 0 0 0 
621 5.74084e-06 1.13618e-05 4.88976e-06 3.48095e-05 8.71039e-07 
622 1.75472e-06 7.7339e-07 0 0 3.22211e-07 
623 1.37627e-07 0 0.000199651 5.68598e-06 2.31533e-06 
624 0.000117971 0 3.74311e-06 3.33641e-06 0 
625 0 5.29965e-07 3.70579e-07 1.96265e-06 0 
626 1.59638e-06 3.55173e-06 4.34765e-07 0.000373595 4.46022e-07 
627 1.41006e-05 4.26112e-06 3.70905e-06 1.12751e-06 8.42111e-06 
628 2.42115e-06 2.33325e-05 1.80186e-05 4.81104e-05 2.59988e-06 
629 5.74807e-07 0 0 0 3.65056e-05 
630 2.23376e-05 3.54769e-05 3.54999e-05 4.95416e-05 1.42885e-06 
631 0 0 5.17999e-07 6.65108e-06 0 
632 1.59677e-06 4.81967e-07 2.43404e-06 5.74807e-07 3.41262e-05 
633 8.06118e-06 1.35999e-05 2.03355e-05 8.02075e-07 0 
634 0 1.7567e-06 1.58e-06 5.30387e-06 4.25275e-07 
635 3.72741e-06 0 0.000199862 4.94461e-07 1.63369e-05 
636 1.08096e-05 3.38692e-05 1.16889e-05 0 1.98415e-05 
637 0 0 0 1.36552e-06 1.72715e-05 
638 1.82865e-06 0 5.05888e-07 4.53973e-07 0.00122537 
639 6.17693e-07 4.52885e-05 1.17621e-07 9.80401e-07 6.80483e-07 
640 2.48507e-06 7.02286e-06 3.73178e-06 3.5675e-07 4.84815e-05 
641 0 2.70911e-06 1.39275e-07 3.91237e-05 1.53062e-05 
642 3.04994e-06 8.40187e-06 1.38999e-05 1.6113e-06 1.09841e-06 
643 0 6.17935e-06 0 5.72573e-07 0 
644 8.19678e-06 0 1.51732e-06 8.56148e-06 3.96874e-06 
645 1.1343e-05 1.95124e-06 3.71666e-06 4.55132e-07 1.49248e-05 
646 0 3.52357e-05 4.58748e-07 0 0 
647 2.10908e-06 5.83571e-06 2.85645e-06 0.000133193 1.64049e-07 
648 1.155e-06 4.68787e-06 2.21099e-05 1.59205e-05 2.35152e-06 
649 1.26922e-06 1.40853e-05 3.63703e-06 1.00043e-05 6.59529e-06 
650 8.46312e-06 3.48658e-05 0.000114164 9.45166e-07 2.56551e-05 
651 8.42398e-06 3.74293e-06 4.22091e-06 3.23704e-05 5.40225e-06 
652 6.16325e-07 0 3.83847e-05 0 9.50061e-06 
653 4.72283e-06 4.81516e-07 4.34352e-06 1.09058e-06 3.83847e-05 
654 0 0 0 1.21595e-06 4.43691e-06 
655 1.98471e-06 2.00382e-06 1.31764e-05 0.000267233 1.35078e-05 
656 9.72601e-06 5.38093e-06 1.77663e-06 0 4.00226e-06 
657 0 0 1.92655e-06 8.57506e-07 1.35648e-06 
658 0.000125142 0 3.69008e-06 1.01014e-06 4.65455e-06 
659 3.76185e-07 0 3.98147e-06 8.3806e-07 2.56795e-06 
660 0.000174212 0 2.66434e-06 1.68788e-06 9.5344e-07 
661 1.00886e-05 4.74689e-07 0 3.55133e-06 0 
662 1.90789e-06 1.93651e-06 3.86495e-07 6.56132e-06 1.65695e-06 
663 1.60847e-06 0 1.65392e-06 8.35481e-06 9.21014e-07 
664 0 1.1789e-05 0 1.90789e-06 3.64695e-07 
665 2.17657e-06 2.07788e-06 4.1721e-06 2.87597e-06 3.8025e-06 
666 8.44023e-06 0 3.37546e-06 1.11416e-05 1.22733e-06 
667 1.28181e-05 1.62765e-06 1.81898e-07 0 1.60142e-06 
668 1.44409e-06 6.25716e-07 3.98162e-07 1.28209e-05 9.95424e-07 
669 6.2749e-07 0 1.18058e-06 5.73177e-07 4.41549e-06 
670 0 3.06419e-06 1.30451e-06 0 4.11157e-06 
671 4.37189e-05 0 6.47537e-06 8.19797e-07 5.12697e-06 
672 5.91351e-07 0 1.64049e-07 6.94923e-07 2.85645e-06 
673 2.36157e-06 0 0 5.18997e-06 2.79397e-07 
674 9.28174e-06 1.58537e-06 4.19524e-07 9.27713e-07 5.10706e-07 
675 5.50317e-05 3.05302e-06 7.89135e-06 3.54566e-06 0 
676 1.12594e-06 0 1.71666e-05 2.325e-06 2.82327e-06 
677 9.05625e-07 1.69791e-06 6.27374e-07 7.09966e-07 0 
678 2.43404e-06 0.000273488 1.3882e-06 1.97443e-05 1.73192e-06 
679 1.16777e-05 0 0.000260787 0 1.06028e-05 
680 1.38552e-05 2.10491e-05 0 0.000445119 0.000610404 
681 1.90536e-06 6.88272e-06 6.2429e-06 4.81104e-05 0 
682 3.7002e-05 3.36934e-06 0 0 1.64863e-06 
683 3.02975e-06 2.597e-05 4.13452e-06 2.46156e-06 3.72564e-07 
684 0 6.15574e-06 1.62403e-06 4.9084e-07 1.29175e-06 
685 7.04708e-07 1.82871e-06 3.35976e-06 3.46359e-07 7.0637e-07 
686 5.08047e-07 3.90024e-06 4.98855e-07 8.84604e-07 1.10284e-05 
687 2.9954e-06 1.00333e-05 4.11752e-05 2.16291e-06 3.37611e-06 
688 0.000267233 2.08547e-05 7.49514e-07 9.55307e-05 1.14361e-06 
689 7.47064e-07 3.16973e-06 4.6647e-07 7.83014e-06 7.56271e-06 
690 3.29223e-05 3.02682e-05 3.79175e-06 4.03604e-06 1.69328e-05 
691 0 3.01218e-06 7.09966e-07 4.48821e-06 1.48432e-05 
692 1.26061e-05 0 3.1655e-05 0 6.84025e-07 
693 3.36934e-06 2.45736e-06 0 5.82251e-06 0.000121032 
694 5.53308e-06 0 0 0 4.56961e-06 
695 0 0 4.48821e-06 1.9933e-06 6.17935e-06 
696 5.41689e-07 4.99394e-07 2.62613e-06 5.95816e-06 3.86707e-06 
697 1.41012e-06 4.21515e-06 0 6.6073e-06 2.78326e-06 
698 1.97965e-05 0 9.72711e-06 9.6479e-07 1.75792e-05 
699 0 2.49168e-06 0 0 8.49216e-07 
700 0 1.84825e-05 6.34418e-06 3.52357e-05 1.94494e-06 
701 2.05551e-06 2.68008e-06 0.000405984 8.38457e-07 4.63065e-06 
702 5.60049e-07 2.61356e-06 1.3711e-06 0 4.21789e-06 
703 1.85827e-05 8.36941e-06 0.000273488 1.3539e-05 5.81629e-06 
704 0 0 1.46527e-06 0 3.06457e-06 
705 0.000232465 4.69218e-06 0 3.83953e-07 0 
706 0 8.12165e-06 1.7898e-07 1.46527e-06 6.11748e-06 
707 0 3.15914e-06 2.33419e-06 4.34765e-07 0 
708 7.44536e-06 0 0 2.00047e-07 5.88541e-07 
709 0 0 1.58869e-05 0 0 
710 2.36642e-06 0 2.86378e-05 5.47282e-05 0.000154201 
711 0.000381936 2.99533e-06 8.57506e-07 5.62424e-05 5.56881e-07 
712 0 1.1151e-06 4.74811e-06 7.23923e-06 0 
713 0 1.93332e-07 9.98249e-05 2.56551e-05 1.43036e-06 
714 2.78354e-06 1.69632e-06 0 1.92538e-06 2.28031e-06 
715 3.54769e-05 0 2.16447e-06 0 3.50388e-05 
716 5.30449e-06 2.85476e-06 3.64512e-06 1.45253e-06 9.48797e-06 
717 3.05453e-06 1.56867e-06 0 0 2.01036e-06 
718 4.58432e-07 0 8.3806e-07 4.5315e-06 0 
719 4.947e-07 0 5.33438e-07 0 2.73536e-07 
720 6.11517e-06 1.71666e-05 1.4386e-06 5.10706e-07 0 
721 0 0 0 0 3.01919e-06 
722 3.72741e-06 6.65798e-06 4.96115e-06 2.24774e-07 0 
723 0.000270702 3.78256e-06 1.86549e-05 0 6.444e-06 
724 9.02388e-07 4.69639e-06 1.40381e-05 1.37289e-06 4.05008e-06 
725 3.6326e-06 2.38188e-06 8.26226e-06 0.000174212 3.24943e-05 
726 6.52356e-06 1.97965e-05 7.12735e-06 0 3.98848e-06 
727 1.60593e-06 1.08524e-06 8.9836e-08 2.19017e-05 5.24251e-06 
728 9.39345e-05 0 2.65586e-06 1.37615e-05 0 
729 7.35809e-06 0 1.7797e-06 0 2.81388e-06 
730 1.81612e-06 0.000711748 0 8.71711e-07 6.21211e-06 
731 9.14872e-06 1.08524e-06 2.79397e-07 5.80743e-07 4.34528e-06 
732 4.22091e-06 0 2.59681e-06 3.46858e-06 5.64976e-06 
733 0 2.89962e-06 0 6.44854e-07 3.1927e-07 
734 2.66581e-06 0 4.21826e-06 0 3.1143e-06 
735 1.1172e-05 4.04928e-06 3.50752e-06 1.80107e-05 2.50754e-06 
736 6.01518e-06 0 2.94276e-06 1.3733e-06 8.93571e-06 
737 7.12735e-06 7.41595e-06 3.91309e-06 0 2.78931e-05 
738 1.01112e-06 6.68898e-06 9.02822e-07 9.93884e-06 3.5339e-07 
739 3.84249e-06 1.09079e-06 3.35015e-06 1.43036e-06 2.77451e-06 
740 0.00010989 2.67353e-05 6.41691e-07 3.54425e-06 6.32099e-07 
741 2.89551e-05 2.56551e-05 3.91237e-05 8.18546e-07 0 
742 2.99045e-07 1.16777e-05 2.45726e-06 2.08712e-05 2.7902e-05 
743 1.83867e-07 4.90286e-07 7.32027e-07 0 4.77412e-06 
744 1.7921e-05 1.0866e-06 1.59114e-05 2.35027e-07 9.05168e-06 
745 7.05648e-06 1.7567e-06 4.81516e-07 6.10811e-06 2.79817e-07 
746 2.805e-06 2.50847e-06 0 0 2.5216e-06 
747 5.52053e-06 2.94253e-06 2.3735e-06 3.43569e-05 0 
748 1.15238e-06 2.19554e-07 8.55793e-06 1.89079e-06 0 
749 3.5339e-07 0 0 5.44554e-07 7.02286e-06 
750 1.05304e-06 5.70725e-06 2.3435e-06 0 1.28998e-05 
751 2.67964e-06 1.02583e-05 1.49371e-06 7.04743e-06 2.01569e-05 
752 1.94977e-07 3.0419e-07 5.10706e-07 9.27713e-07 3.70905e-06 
753 3.55173e-06 5.45002e-07 2.62613e-06 0 9.81736e-06 
754 1.766e-05 1.29758e-05 0 2.00851e-06 3.86289e-07 
755 1.79366e-05 1.20602e-05 9.46589e-06 9.39345e-05 5.93819e-07 
756 2.50192e-07 1.43556e-05 5.40037e-07 1.66535e-05 1.42323e-05 
757 2.46858e-06 0 4.59704e-07 2.11302e-07 5.29965e-07 
758 7.44536e-06 8.84588e-06 1.1343e-05 0 0 
759 0 0 9.11425e-06 3.40806e-07 7.29635e-07 
760 0 3.71219e-06 1.28704e-06 0 0 
761 1.66813e-05 0.000142142 1.21642e-06 2.07172e-05 0 
762 0 2.15446e-05 3.60078e-06 1.40413e-06 4.60974e-07 
763 3.75639e-06 2.05187e-06 3.8455e-06 0 5.0165e-07 
764 1.92555e-06 3.69887e-07 1.10879e-05 1.68805e-05 5.30299e-06 
765 5.03459e-06 1.09527e-06 0.000176548 2.772e-06 4.03617e-06 
766 1.53823e-06 0 8.74828e-05 0 1.33083e-06 
767 3.0957e-05 0 2.06839e-06 0.000265355 0.000199651 
768 4.4103e-06 1.01033e-06 4.52885e-05 6.15574e-06 2.7902e-05 
769 8.38894e-07 1.47153e-06 1.21857e-05 2.01473e-06 1.67491e-05 
770 0 1.41006e-05 1.71666e-05 1.56854e-06 0 
771 3.85844e-06 0 1.12404e-06 8.12712e-07 1.66519e-06 
772 0 0 5.8291e-06 2.40722e-07 0 
773 6.11432e-05 2.5349e-06 0 6.93519e-06 1.30323e-05 
774 3.25336e-06 0 2.15299e-06 1.6882e-06 0 
775 2.47735e-07 1.2792e-06 4.45067e-05 1.84558e-06 0 
776 0 0 0 2.91374e-06 0 
777 9.26554e-06 1.49179e-06 9.61787e-05 5.10102e-05 1.33083e-06 
778 6.42016e-07 6.31942e-06 7.23397e-06 5.50257e-07 3.27614e-07 
779 1.14238e-05 1.18199e-06 1.80909e-07 0 3.92024e-05 
780 1.50267e-05 0 0 0 4.96115e-06 
781 0 0 2.92201e-05 1.01294e-08 0 
782 8.36888e-07 1.23206e-06 5.66051e-07 3.87088e-06 3.99794e-06 
783 4.33068e-07 0 1.36936e-05 6.56644e-07 9.75177e-07 
784 7.2027e-06 0.000107552 4.38412e-05 1.00777e-06 7.22491e-06 
785 3.98888e-06 1.29239e-06 0 0 5.56881e-07 
786 0.000186924 1.16328e-05 6.83104e-07 4.62732e-06 1.7567e-06 
787 5.46555e-07 5.16037e-06 2.27151e-06 1.14342e-06 1.12779e-05 
788 0 2.4951e-06 0 1.32626e-06 6.7033e-07 
789 4.42674e-07 2.116e-06 3.51333e-06 0 1.42863e-05 
790 1.53665e-06 1.94079e-06 1.27203e-05 0 0 
791 0.000253385 9.28682e-06 1.15238e-06 3.98147e-06 8.55793e-06 
792 5.20393e-06 1.78352e-06 0 9.61858e-07 0 
793 3.24943e-05 5.28893e-06 8.57506e-07 7.99689e-06 1.67011e-05 
794 2.15758e-05 7.28703e-06 1.87669e-06 0.000204386 2.98401e-05 
795 1.79366e-05 3.98848e-06 0 0 1.1661e-05 
796 1.39299e-06 0 3.36394e-07 4.64654e-07 2.15413e-06 
797 1.7567e-06 6.74707e-07 8.43742e-07 1.73043e-06 4.93319e-06 
798 2.15314e-06 1.85238e-06 9.6649e-07 0 0 
799 0 1.51847e-06 0 1.13097e-07 0 
800 7.09633e-06 7.02286e-06 3.00202e-06 9.13439e-06 0 
801 2.10491e-05 6.28623e-06 1.57422e-05 7.07292e-07 0 
802 7.02286e-06 0.00149126 4.53327e-07 4.27589e-07 0.000274184 
803 4.90694e-06 1.03887e-06 1.62095e-06 1.18878e-06 2.10437e-06 
804 3.15064e-05 1.5163e-05 9.39345e-05 1.13467e-06 0 
805 9.4657e-07 1.05597e-05 1.03165e-05 1.76891e-05 1.64814e-05 
806 1.2684e-06 0 2.31966e-05 5.73113e-06 0 
807 3.36654e-06 5.944e-06 0 0 1.81006e-06 
808 0 0 2.38798e-06 2.41335e-06 0 
809 0 4.18064e-06 2.59988e-06 2.43228e-06 2.94147e-07 
810 2.0095e-05 1.43317e-06 0 5.57103e-06 1.30689e-06 
811 0.000118547 0 0 0 1.25776e-06 
812 2.70976e-06 2.42347e-05 8.86977e-07 2.03147e-05 2.78146e-06 
813 1.63288e-06 1.3697e-06 1.53208e-06 1.1655e-05 4.34528e-06 
814 0 1.47734e-06 0 9.99868e-07 6.55092e-06 
815 2.12127e-06 0 0 5.38856e-07 5.22417e-07 
816 9.56972e-07 6.82043e-07 2.2182e-07 2.0665e-06 7.91133e-07 
817 1.7579e-07 3.01094e-05 2.92753e-05 9.75956e-06 0 
818 0 2.90629e-06 5.16281e-06 2.66737e-06 2.11803e-06 
819 1.9893e-07 3.2415e-07 6.11922e-06 0 4.4266e-07 
820 1.71607e-06 0 1.0971e-05 0 5.53585e-06 
821 9.57037e-06 7.14975e-06 4.91327e-05 2.02168e-05 0 
822 1.39768e-06 0 0 7.24928e-05 1.16889e-05 
823 3.15914e-06 1.46078e-06 9.96388e-05 2.52843e-06 2.01085e-06 
824 1.91878e-06 8.89143e-07 0.000376626 1.56911e-06 0 
825 3.70342e-06 0 0 3.73178e-06 4.20763e-06 
826 4.81271e-05 4.02752e-06 3.84249e-06 1.72888e-06 6.04975e-07 
827 0.00011093 0 0 3.87088e-06 4.62426e-06 
828 1.85122e-05 1.4386e-06 0 7.24809e-06 0 
829 8.40187e-06 2.08159e-05 2.53317e-06 2.80736e-06 2.68535e-05 
830 0 1.06001e-06 3.36394e-07 1.43965e-06 0 
831 9.03731e-07 0 1.72757e-06 8.8074e-07 6.7033e-07 
832 0 8.0108e-06 3.08529e-06 0 9.59468e-07 
833 2.51743e-05 2.21275e-06 1.26922e-06 6.36923e-06 1.50887e-06 
834 1.17663e-05 5.88283e-07 1.0988e-05 4.7266e-06 5.74807e-07 
835 5.28893e-06 1.68398e-05 0 3.02383e-06 1.01364e-06 
836 1.90508e-05 0 1.59677e-06 1.30134e-06 7.04743e-06 
837 6.58712e-05 1.30515e-06 0 6.22758e-06 0 
838 2.12563e-07 0 4.95348e-07 2.37612e-06 4.20535e-06 
839 0 2.17371e-05 0 4.08646e-06 4.70466e-06 
840 0 7.91515e-06 1.42038e-06 2.3178e-06 4.01471e-05 
841 2.80736e-06 2.68535e-05 0 0 2.51778e-05 
842 1.44473e-05 7.35945e-06 3.68171e-05 2.78931e-05 1.59248e-05 
843 2.3292e-06 3.05271e-06 0 2.42304e-06 8.47211e-06 
844 3.6326e-06 4.72286e-07 5.8291e-06 0 0 
845 0.000246892 1.93543e-06 1.46198e-05 3.01442e-06 3.01467e-07 
846 1.60096e-05 1.85152e-06 2.09044e-05 0.000615984 0 
847 3.48781e-06 5.02863e-07 0 2.56551e-05 5.50403e-05 
848 1.16777e-05 2.03297e-06 1.44409e-06 4.62641e-06 4.72529e-05 
849 2.3342e-06 3.21349e-06 0 2.49295e-06 0 
850 1.80332e-06 0 0 4.3963e-06 0 
851 3.37612e-05 6.73029e-06 0 2.55578e-05 2.00742e-06 
852 6.95404e-06 0 0 3.09979e-05 6.41021e-06 
853 2.30557e-07 5.69614e-07 4.16609e-06 5.25235e-07 0 
854 6.06068e-07 9.33999e-07 0.000265355 0 3.91237e-05 
855 0 0 2.77451e-06 0 3.34917e-06 
856 2.23443e-06 5.41689e-07 1.40853e-05 4.68787e-06 8.86324e-05 
857 1.18825e-06 0 7.03356e-07 1.16529e-05 2.54408e-06 
858 1.33311e-06 5.74807e-07 5.55116e-07 0 2.0895e-05 
859 3.86249e-07 0 0 0 2.07434e-06 
860 1.32012e-06 1.23428e-05 0.00161152 6.15959e-06 5.59998e-07 
861 2.26702e-06 0 0 3.82478e-06 7.07731e-07 
862 3.78212e-06 8.71711e-07 0.000175561 1.52918e-05 5.58495e-06 
863 1.00777e-06 0 5.47282e-05 0 3.02035e-06 
864 0 2.74596e-05 5.43576e-07 0 0 
865 3.61585e-06 0.000363977 0 1.71484e-05 0 
866 0.000174212 2.36862e-06 0.00156393 1.57486e-05 5.46421e-06 
867 2.09044e-05 0 5.0746e-06 1.52764e-05 5.94414e-06 
868 2.20624e-06 3.24148e-06 3.69846e-05 3.09979e-05 2.51529e-05 
869 6.94196e-07 2.2008e-06 0 2.79788e-07 2.16816e-07 
870 1.67011e-05 1.09841e-06 1.96112e-06 1.43927e-06 5.41448e-06 
871 1.65291e-05 5.00789e-06 1.59942e-06 2.1857e-06 1.11138e-06 
872 1.29758e-05 2.00851e-06 4.48951e-06 0 3.50174e-06 
873 7.83641e-06 8.84507e-07 3.24028e-06 1.46878e-06 5.79909e-07 
874 0 7.47514e-06 5.87024e-06 2.72527e-07 5.58078e-07 
875 4.60442e-06 1.70934e-06 0 7.86743e-06 4.02752e-06 
876 9.431e-06 1.09235e-06 0 2.4457e-06 0 
877 1.02583e-05 2.4116e-06 0 0.000273488 1.40489e-06 
878 3.91237e-05 0 3.02642e-06 1.43714e-06 6.05275e-07 
879 2.3178e-06 8.82804e-06 6.69163e-06 8.43677e-07 2.2449e-05 
880 7.46127e-07 2.75217e-05 1.7155e-06 8.02915e-07 0 
881 0 1.1694e-07 0 2.20834e-06 2.46128e-07 
882 0 1.35974e-06 1.49179e-06 6.68245e-07 9.22604e-07 
883 7.05571e-07 5.93301e-07 4.34765e-07 1.3093e-06 3.71367e-06 
884 2.11403e-06 8.71905e-06 2.24946e-05 1.05637e-05 0 
885 1.56996e-06 2.93907e-07 5.50548e-06 4.36479e-06 2.68477e-05 
886 6.6123e-07 4.38202e-07 1.37289e-06 9.02388e-07 4.58709e-05 
887 1.42367e-06 9.39345e-05 0 0 1.60096e-05 
888 1.73654e-05 8.42111e-06 1.35202e-06 3.44813e-06 3.93409e-07 
889 2.09919e-06 0 1.56456e-05 6.62854e-07 0 
890 1.6882e-06 0 7.38762e-07 4.54626e-06 1.03975e-05 
891 0 5.18997e-06 2.52624e-06 0 6.1542e-06 
892 1.77947e-06 2.24416e-06 0 1.50098e-07 6.08369e-07 
893 6.75766e-07 1.47734e-06 4.28891e-06 6.01656e-07 3.66164e-07 
894 6.444e-06 1.19713e-05 1.65567e-05 0 0.000381353 
895 3.78805e-07 3.96345e-06 3.97962e-06 0 2.02388e-06 
896 3.25336e-06 1.29877e-06 2.52409e-07 1.96285e-06 7.40028e-06 
897 5.50008e-07 6.80481e-07 1.23206e-06 1.41712e-06 5.83232e-06 
898 0 0 0 4.03387e-07 2.60964e-06 
899 2.26429e-06 3.13425e-06 6.81137e-07 4.04564e-07 6.69896e-07 
900 0 5.50403e-05 6.83148e-06 1.19974e-06 5.6522e-06 
901 1.8966e-06 9.222e-06 4.51038e-05 0 1.50762e-05 
902 0 1.5156e-06 1.28309e-06 1.30153e-06 9.99837e-07 
903 1.23666e-05 4.93453e-07 0 0 5.30517e-07 
904 5.96239e-07 0 0 0 0 
905 2.95879e-06 2.77043e-06 1.29503e-06 5.58654e-06 0 
906 5.39083e-05 0 5.50257e-07 0 3.36934e-06 
907 5.9498e-06 2.77339e-06 0 3.32029e-06 2.55531e-06 
908 6.26148e-06 7.36491e-06 6.36433e-06 1.52981e-06 2.63264e-06 
909 6.01518e-06 4.06312e-06 0 2.41335e-06 1.22972e-05 
910 0 2.51096e-06 2.78945e-06 1.6113e-06 0 
911 9.26554e-06 0 8.54796e-05 0 2.38277e-07 
912 5.63981e-06 1.0259e-05 0 5.2081e-07 1.0462e-06 
913 3.79701e-07 2.86555e-07 2.5349e-06 0 1.41983e-05 
914 6.1542e-06 1.12591e-06 3.10334e-07 9.13764e-06 0 
915 1.05486e-05 9.14872e-06 1.47333e-06 0 6.42175e-06 
916 8.98188e-07 2.03471e-06 2.80397e-05 0.000167868 6.68245e-07 
917 4.8931e-07 0 4.15049e-06 3.26962e-06 5.26459e-05 
918 0 0.000133193 7.07731e-07 2.9533e-06 9.27713e-07 
919 2.36844e-06 2.3659e-06 1.9893e-07 6.15972e-06 2.10868e-06 
920 9.39875e-05 2.2463e-05 1.82102e-05 3.9041e-06 2.43228e-06 
921 0 0 3.28523e-07 7.9695e-07 0 
922 1.21265e-05 4.76398e-07 2.54593e-07 1.53573e-06 0 
923 0 9.00276e-06 5.47282e-05 0 3.12957e-06 
924 3.33859e-07 6.1542e-06 8.89361e-06 1.30504e-06 9.6649e-07 
925 5.11638e-07 2.484e-07 1.53521e-05 6.65798e-06 1.28784e-06 
926 0 0 5.59481e-07 0 8.86977e-07 
927 6.92218e-05 1.99791e-06 9.25553e-06 0.000373595 4.0037e-06 
928 4.03856e-07 5.70725e-06 8.1723e-07 0 8.38501e-06 
929 4.6506e-07 0 9.32062e-06 9.6339e-07 1.7567e-06 
930 1.10716e-05 3.81407e-06 1.50943e-06 1.06168e-05 3.86924e-07 
931 9.33239e-07 6.444e-06 0 1.38134e-06 0.000123371 
932 7.97367e-06 3.98346e-06 1.60645e-06 3.02642e-06 7.69325e-06 
933 0 2.33325e-05 1.41557e-06 1.80186e-05 0 
934 4.74689e-07 3.73213e-06 2.83384e-06 1.05069e-06 1.35697e-06 
935 3.1979e-07 1.68788e-06 2.66737e-06 0 2.56343e-06 
936 0 3.3085e-06 0 0 8.41953e-06 
937 2.02388e-06 3.60084e-05 8.66199e-07 4.77527e-06 0 
938 9.31957e-05 4.85097e-07 1.11765e-05 7.63931e-06 5.46461e-07 
939 0 0.000167868 1.38033e-06 6.92218e-05 0 
940 0 2.09925e-06 0 0 1.1405e-06 
941 0 8.45163e-06 1.35047e-06 0.000406514 1.07152e-06 
942 6.08848e-06 9.55459e-07 1.47498e-06 0 4.09902e-06 
943 3.71456e-05 4.03617e-06 1.9902e-06 0 1.30153e-06 
944 5.39891e-06 1.49478e-06 4.31538e-07 3.5339e-07 6.12775e-06 
945 6.68734e-07 0 2.82681e-05 1.90866e-06 1.64982e-06 
946 5.23449e-06 8.98451e-07 1.11138e-06 1.25063e-06 4.93319e-06 
947 0 0.000253135 4.06312e-06 6.82271e-06 4.62426e-06 
948 1.88077e-05 5.00074e-06 0 1.01014e-06 3.08663e-06 
949 0 4.54236e-07 9.31957e-05 2.67433e-05 2.52888e-05 
950 0 3.26262e-06 0 1.39935e-06 0 
951 3.76229e-07 1.08355e-06 0 0 0 
952 6.11339e-06 6.72508e-07 1.09527e-06 2.03557e-05 1.68401e-05 
953 7.02286e-06 1.30504e-06 1.69005e-05 6.17935e-06 1.85531e-06 
954 2.23213e-06 2.28773e-06 2.6182e-06 5.88487e-06 0 
955 1.41813e-06 0 1.51427e-06 2.80515e-05 1.14871e-06 
956 0 1.66813e-05 1.6152e-06 6.444e-06 0 
957 2.34016e-05 2.73598e-07 1.94977e-07 2.00382e-06 0 
958 4.80984e-06 0 2.55759e-07 4.47548e-06 0 
959 7.89135e-06 1.06296e-05 4.69722e-06 3.32645e-07 5.61832e-06 
960 1.05988e-06 5.34506e-05 8.57301e-06 3.48605e-06 2.3292e-06 
961 0 1.07384e-06 2.0895e-05 1.84558e-06 0 
962 0 1.67242e-06 1.74829e-06 0 1.43163e-06 
963 6.90592e-07 6.89722e-06 1.37668e-05 0 3.31429e-06 
964 0 4.58432e-07 3.26407e-06 5.23772e-06 5.57103e-06 
965 0 3.5339e-07 0 2.26131e-06 1.17977e-05 
966 2.26978e-07 1.68453e-06 0 8.48859e-06 3.23704e-05 
967 2.46008e-06 4.80227e-06 1.60096e-05 3.63557e-06 0 
968 2.80736e-06 4.82801e-06 4.70733e-06 4.65673e-06 1.14397e-06 
969 4.88714e-07 5.17201e-06 0 4.04564e-07 6.81204e-06 
970 6.53758e-06 7.23923e-06 9.72711e-06 6.31757e-06 3.98848e-06 
971 2.87104e-06 6.70605e-07 8.38457e-07 3.79701e-07 0 
972 0 2.24582e-05 6.88272e-06 0 0 
973 1.65567e-05 2.59988e-06 1.07007e-05 2.10373e-06 0 
974 4.05272e-06 0.000373595 8.33389e-06 1.61616e-07 1.11333e-06 
975 2.84222e-08 0 3.81407e-06 0 8.12165e-06 
976 5.02989e-06 3.13178e-06 0 4.65065e-06 1.5615e-05 
977 6.86551e-07 1.60827e-06 3.02844e-07 4.55129e-06 0.000127889 
978 2.79397e-07 2.13408e-05 2.4365e-06 2.46854e-05 2.16698e-05 
979 0 1.4635e-06 1.43036e-06 0 6.65108e-06 
980 5.92095e-06 1.65291e-05 2.85645e-06 3.96345e-06 2.20076e-06 
981 0 1.04777e-06 5.50257e-07 0 0 
982 2.45669e-05 3.13764e-05 1.53665e-06 3.26471e-07 2.7915e-07 
983 1.50267e-05 0 1.5153e-05 5.6522e-06 0 
984 7.83641e-06 2.36372e-06 3.83162e-06 1.02045e-05 5.70208e-06 
985 6.95285e-07 4.24998e-07 5.72e-07 1.36965e-06 4.48807e-06 
986 6.25763e-06 2.94914e-06 0 1.18624e-06 9.14387e-06 
987 2.44098e-06 1.10716e-05 2.10167e-05 1.77663e-06 5.88735e-06 
988 1.40638e-05 6.56132e-06 2.91459e-06 1.73043e-06 1.44774e-06 
989 1.39977e-05 3.13729e-05 0 2.67535e-06 3.48127e-06 
990 3.27834e-06 4.47548e-06 1.53573e-06 4.21515e-06 3.40832e-05 
991 2.15403e-05 1.25392e-05 1.25033e-06 3.74971e-06 7.88273e-06 
992 1.47734e-06 1.36416e-06 4.0156e-06 3.02642e-06 1.46527e-06 
993 9.46589e-06 2.44318e-06 2.79724e-06 1.65693e-05 0.000610404 
994 6.12637e-06 2.6282e-07 0 7.19264e-06 5.6522e-06 
995 7.70528e-06 1.54869e-05 3.79108e-07 0 3.57091e-06 
996 1.17977e-05 1.71607e-06 0 0 0 
997 3.629e-06 1.26061e-05 0 9.96388e-05 7.52966e-06 
998 1.35624e-06 1.29869e-06 2.22877e-06 1.54416e-06 6.25202e-07 
999 2.54683e-05 1.62481e-06 0 7.96763e-07 0 
1000 1.71484e-05 0 0.000202626 8.27754e-07 5.33438e-07 
1001 1.91435e-06 2.6892e-06 2.48746e-06 0 1.22121e-06 
1002 0.000417562 0.000270702 1.16522e-05 2.4741e-06 3.43569e-05 
1003 6.75066e-06 1.3398e-06 2.77451e-06 0 6.29551e-07 
1004 0.000186336 2.11613e-06 8.33389e-06 0 3.63823e-07 
1005 8.27754e-07 7.46874e-07 4.61127e-06 6.07713e-07 0 
1006 3.46977e-07 4.8267e-06 2.68568e-06 2.325e-06 1.73654e-05 
1007 1.10284e-05 2.82327e-06 8.1412e-05 2.63264e-06 3.72461e-06 
1008 1.60096e-05 4.13258e-05 0 0.000267233 0 
1009 4.36291e-06 0.000441126 3.24396e-05 0 2.10395e-06 
1010 1.6825e-06 1.94494e-06 1.01816e-05 2.92201e-05 2.81388e-06 
1011 0 0 0 0 5.60855e-06 
1012 1.51647e-06 4.20954e-05 1.46895e-06 8.40977e-07 0 
1013 8.38979e-06 0.000183921 8.67433e-07 0.000191173 3.32381e-07 
1014 3.74772e-05 2.18312e-06 1.76891e-05 7.48943e-07 6.60614e-07 
1015 7.16874e-07 9.75522e-06 4.56165e-06 1.82224e-06 3.93368e-05 
1016 3.25842e-05 2.14184e-06 5.05283e-06 5.26808e-06 0 
1017 0 0 0 7.35988e-06 3.24396e-05 
1018 1.98325e-05 0 4.19828e-06 1.87923e-07 2.03493e-05 
1019 1.9933e-06 1.23673e-07 8.84604e-07 0 4.34528e-06 
1020 4.98369e-06 5.0746e-06 1.96435e-06 0 4.94366e-06 
1021 9.56108e-06 2.83906e-05 0 1.56635e-06 7.00045e-06 
1022 0 8.76173e-07 5.463e-06 1.07007e-05 0 
1023 1.59638e-06 1.9676e-06 1.61748e-05 6.5297e-07 2.26289e-06 
1024 1.61481e-05 7.60233e-05 3.63079e-06 5.35725e-05 0 
1025 7.13664e-07 0 7.83014e-06 2.60964e-06 0 
1026 0.000101546 8.58111e-07 0.000109725 2.21192e-06 3.05133e-06 
1027 6.08783e-07 3.05027e-07 1.43036e-06 0 1.4635e-06 
1028 1.88504e-06 2.68434e-07 0 8.9662e-07 3.48658e-05 
1029 0 0 0 6.1542e-06 0 
1030 1.39165e-06 2.0846e-06 3.98722e-06 4.45067e-05 9.73991e-07 
1031 1.68788e-06 8.89361e-06 1.10011e-05 0.00156393 1.39366e-05 
1032 2.39981e-07 0 0 0 0 
1033 1.766e-05 1.93658e-06 1.71607e-06 1.01033e-06 8.02915e-07 
1034 2.63075e-05 7.5199e-07 0 0 1.96775e-06 
1035 2.87734e-05 9.45592e-07 5.70208e-06 1.08018e-06 6.22758e-06 
1036 0 6.73476e-07 2.4835e-06 6.69896e-07 4.71647e-07 
1037 2.47806e-05 1.33882e-06 6.07771e-07 2.77767e-07 1.35348e-05 
1038 3.62793e-05 4.39811e-08 1.44715e-06 1.04207e-06 3.70019e-06 
1039 1.61748e-05 5.81543e-06 1.46166e-05 1.67347e-06 1.9477e-06 

Accuracy: 0.2403846153846154